140737,336.25,1.12,-2.75,-23.69,1.16,-2.74
140759,336.25,1.12,-2.69,-23.69,1.12,-2.69
140781,336.25,1.06,-2.62,-23.69,1.11,-2.66
140804,336.25,1.06,-2.62,-23.69,1.1,-2.65
140826,336.25,1.06,-2.62,-23.69,1.09,-2.65
140848,336.25,1.06,-2.62,-23.69,1.1,-2.63
140871,336.25,1.06,-2.56,-23.69,1.1,-2.6
140893,336.25,1.06,-2.56,-23.69,1.11,-2.58
140915,336.25,1.06,-2.56,-23.69,1.11,-2.55
140936,336.25,1.06,-2.5,-23.69,1.1,-2.54
140957,336.25,1.06,-2.5,-23.69,1.09,-2.51
140980,336.25,1.06,-2.5,-23.69,1.07,-2.49
140999,336.25,1.06,-2.44,-23.69,1.07,-2.48
141023,336.25,1.06,-2.44,-23.69,1.07,-2.45
141046,336.25,1.06,-2.44,-23.69,1.07,-2.45
141068,336.25,1.06,-2.44,-23.69,1.07,-2.45
141088,336.25,1.06,-2.44,-23.69,1.07,-2.46
141110,336.25,1.06,-2.44,-23.69,1.09,-2.45
141132,336.25,1.06,-2.44,-23.69,1.09,-2.45
141155,336.25,1.06,-2.44,-23.69,1.09,-2.45
141177,336.25,1.06,-2.44,-23.69,1.09,-2.45
141199,336.25,1.06,-2.44,-23.69,1.1,-2.45
141222,336.25,1.06,-2.44,-23.69,1.11,-2.46
141245,336.25,1.06,-2.44,-23.69,1.11,-2.46
141266,336.25,1.06,-2.44,-23.69,1.12,-2.46
141287,336.25,1.06,-2.44,-23.69,1.13,-2.47
141308,336.25,1.12,-2.44,-23.69,1.13,-2.47
141331,336.25,1.12,-2.44,-23.69,1.13,-2.47
141354,336.25,1.12,-2.44,-23.69,1.13,-2.47
141376,336.25,1.12,-2.44,-23.69,1.13,-2.47
141398,336.25,1.12,-2.44,-23.69,1.13,-2.47
141421,336.25,1.12,-2.44,-23.69,1.13,-2.47
141444,336.25,1.12,-2.44,-23.69,1.14,-2.47
141467,336.25,1.12,-2.44,-23.69,1.14,-2.47
141487,336.25,1.12,-2.44,-23.69,1.15,-2.47
141508,336.25,1.12,-2.44,-23.69,1.15,-2.47
141531,336.25,1.12,-2.44,-23.69,1.17,-2.47
141554,336.25,1.12,-2.44,-23.69,1.17,-2.48
141577,336.25,1.12,-2.44,-23.69,1.17,-2.48
141599,336.25,1.12,-2.44,-23.69,1.18,-2.5
141621,336.25,1.12,-2.5,-23.69,1.19,-2.52
141643,336.25,1.12,-2.5,-23.69,1.19,-2.54
141666,336.25,1.19,-2.5,-23.69,1.2,-2.55
141687,336.25,1.19,-2.56,-23.69,1.21,-2.58
141709,336.25,1.19,-2.56,-23.69,1.23,-2.6
141731,336.25,1.19,-2.56,-23.69,1.25,-2.59
141754,336.25,1.25,-2.56,-23.69,1.27,-2.6
141777,336.25,1.25,-2.56,-23.69,1.29,-2.59
141797,336.25,1.25,-2.56,-23.69,1.31,-2.6
141820,336.25,1.31,-2.56,-23.69,1.34,-2.61
141840,336.25,1.31,-2.62,-23.69,1.38,-2.63
141865,336.25,1.37,-2.62,-23.69,1.38,-2.63
141885,336.25,1.37,-2.62,-23.69,1.4,-2.64
141908,336.25,1.37,-2.62,-23.69,1.41,-2.68
141930,336.25,1.37,-2.69,-23.69,1.42,-2.71
141949,336.25,1.37,-2.69,-23.69,1.42,-2.74
141973,336.25,1.37,-2.75,-23.69,1.41,-2.78
141992,336.25,1.37,-2.75,-23.69,1.41,-2.81
142017,336.25,1.37,-2.81,-23.69,1.41,-2.81
142037,336.25,1.37,-2.81,-23.69,1.41,-2.81
142059,336.25,1.37,-2.81,-23.69,1.41,-2.82
142081,336.25,1.31,-2.81,-23.69,1.37,-2.84
142100,336.25,1.31,-2.81,-23.68,1.32,-2.85
142124,336.25,1.25,-2.81,-23.65,1.31,-2.81
142144,336.31,1.31,-2.75,-23.65,1.35,-2.71
142168,336.31,1.31,-2.56,-23.65,1.34,-2.59
142187,336.25,1.31,-2.5,-23.67,1.34,-2.53
142209,336.19,1.44,-2.31,-23.72,1.47,-2.27
142232,336.12,1.56,-2.19,-23.8,1.67,-2.13
142253,336,1.69,-2.06,-23.91,1.7,-1.98
142276,335.87,1.69,-1.87,-24.09,1.74,-1.79
142296,335.81,1.75,-1.62,-24.15,1.78,-1.65
142319,335.75,1.75,-1.5,-24.23,1.79,-1.43
142338,335.62,1.75,-1.31,-24.29,1.81,-1.27
142361,335.69,1.81,-1.12,-24.28,1.84,-1.02
142383,335.69,1.81,-0.81,-24.26,1.85,-0.63
142404,335.69,1.81,-0.37,-24.33,1.85,-0.15
142428,335.56,1.81,0.06,-24.48,1.83,0.29
142447,335.37,1.81,0.56,-24.63,1.84,0.62
142470,335.25,1.81,0.88,-24.75,1.82,1.02
142489,335.12,1.75,1.19,-24.86,1.77,1.38
142511,335,1.69,1.5,-25,1.75,1.7
142534,334.87,1.69,1.75,-25.17,1.78,1.76
142556,334.75,1.81,1.62,-25.25,1.92,1.45
142579,334.69,2,0.75,-25.29,2.13,0.46
142599,334.69,2.31,0,-25.3,2.32,-0.33
142622,334.56,2.44,-0.75,-25.39,2.38,-1.16
142641,334.37,2.56,-1.5,-25.53,2.58,-1.91
142664,334.19,2.69,-2.25,-25.73,2.74,-2.57
142686,334,2.75,-2.81,-25.94,2.83,-3.03
142706,333.87,2.81,-3.12,-26.07,2.91,-3.24
142729,333.75,2.94,-3.19,-26.2,2.98,-3.22
142749,333.5,3,-3,-26.37,3.01,-2.92
142771,333.37,3,-2.75,-26.54,3.03,-2.66
142791,333.19,3,-2.5,-26.74,3.02,-2.47
142813,332.94,2.94,-2.44,-26.97,2.98,-2.45
142835,332.75,2.94,-2.44,-27.19,2.97,-2.54
142856,332.69,2.94,-2.56,-27.24,2.97,-2.71
142880,332.62,2.94,-2.87,-27.26,2.94,-3.02
142899,332.62,2.81,-3.19,-27.27,2.86,-3.19
142922,332.62,2.75,-3.62,-27.27,2.78,-3.9
142941,332.62,2.69,-4.12,-27.25,2.74,-4.44
142963,332.75,2.75,-4.62,-27.11,2.82,-4.92
142986,332.75,2.81,-5.12,-27.07,2.92,-5.39
143005,332.81,2.94,-5.56,-27,3.06,-5.84
143030,332.81,3.06,-6,-26.95,3.18,-6.22
143049,332.87,3.25,-6.44,-26.91,3.29,-6.46
143072,332.87,3.31,-6.56,-26.88,3.36,-6.58
143091,332.94,3.37,-6.5,-26.85,3.37,-6.44
143113,333.06,3.25,-6.31,-26.73,3.29,-6.2
143135,333.06,3.06,-6.06,-26.67,3,-5.98
143156,333.25,2.87,-5.87,-26.5,2.83,-5.83
143180,333.37,2.75,-5.75,-26.38,2.69,-5.76
143199,333.75,2.56,-5.81,-26.08,2.58,-5.81
143222,333.81,2.5,-5.94,-26.02,2.51,-6.06
143241,333.81,2.37,-6.12,-26.02,2.42,-6.26
143263,333.87,2.31,-6.31,-25.99,2.31,-6.45
143286,333.81,2.19,-6.5,-26.08,2.16,-6.62
143307,333.87,2.06,-6.69,-25.98,2.01,-6.81
143331,333.87,1.87,-6.87,-26,1.81,-7
143350,333.94,1.5,-7.06,-25.91,1.55,-7.12
143373,334,1.19,-7.12,-25.91,1.22,-7.18
143392,334,0.75,-7.12,-25.91,0.8,-7.13
143414,334.06,0.37,-7.06,-25.88,0.41,-7.01
143436,334.19,0,-6.87,-25.74,-0.13,-6.8
143457,334.37,-0.25,-6.62,-25.54,-0.44,-6.54
143481,334.5,-0.56,-6.37,-25.51,-0.78,-6.32
143500,334.81,-1.12,-6.19,-25.23,-1.14,-6.19
143523,334.75,-1.5,-6.12,-25.28,-1.51,-6.2
143542,334.69,-1.75,-6.25,-25.37,-1.81,-6.36
143564,334.69,-2.06,-6.44,-25.39,-2.14,-6.66
143587,334.56,-2.31,-6.81,-25.62,-2.49,-7.11
143606,334.44,-2.62,-7.31,-25.73,-2.78,-7.63
143630,334.31,-2.87,-7.87,-25.91,-3.1,-8.15
143650,334.12,-3.44,-8.5,-26.07,-3.45,-8.56
143673,334.06,-3.81,-8.81,-26.21,-3.84,-8.86
143692,334,-4.31,-8.75,-26.31,-4.33,-8.78
143714,334,-4.87,-8.5,-26.34,-4.9,-8.35
143736,334,-5.5,-8.06,-26.36,-5.83,-7.87
143755,334.12,-6.12,-7.56,-26.25,-6.1,-7.37
143779,334.19,-6.69,-7.12,-26.2,-7.06,-6.95
143798,334.19,-7.31,-6.81,-25.89,-7.69,-6.71
143822,334.5,-8,-6.56,-25.93,-8.33,-6.58
143841,334.5,-8.94,-6.5,-25.95,-8.94,-6.52
143863,334.69,-9.44,-6.5,-25.82,-9.49,-6.6
143886,334.75,-10,-6.62,-25.82,-10.28,-6.81
143906,335,-10.5,-6.94,-25.59,-10.82,-7.15
143931,335.06,-11.06,-7.31,-25.63,-11.34,-7.5
143950,335.12,-11.56,-7.75,-25.43,-11.82,-7.77
143973,335.37,-12.31,-7.94,-25.46,-12.32,-8.02
143993,335.44,-12.88,-8,-25.46,-12.88,-8.15
144015,335.75,-13.44,-8.06,-25.19,-13.47,-8.1
144037,335.81,-14.19,-8.06,-25.16,-14.65,-8.09
144056,336.19,-15.06,-8.06,-24.87,-15.52,-8.01
144080,336.37,-15.88,-7.87,-24.63,-16.29,-7.83
144100,336.56,-16.62,-7.56,-24.3,-16.97,-7.59
144123,336.87,-17.56,-7.31,-24.21,-17.61,-7.22
144143,336.87,-18.19,-7.12,-24.21,-18.24,-7.14
144165,337.12,-18.75,-7.06,-24.01,-18.79,-7.11
144188,337.06,-19.25,-7.19,-24.13,-19.46,-7.34
144208,337.31,-19.62,-7.5,-24.03,-19.81,-7.66
144233,337.25,-19.94,-7.81,-24.14,-20.14,-8.01
144252,337.37,-20.44,-8.25,-24.06,-20.49,-8.25
144275,337.5,-20.87,-8.31,-23.99,-20.9,-8.33
144294,337.62,-21.31,-8.25,-23.9,-21.35,-8.17
144316,337.87,-21.81,-8,-23.66,-21.79,-7.82
144339,338,-22.25,-7.56,-23.35,-22.51,-7.35
144358,338.44,-22.69,-7.06,-22.88,-22.93,-6.89
144382,338.56,-23.06,-6.69,-22.67,-23.28,-6.6
144402,339.12,-23.56,-6.44,-22.21,-23.6,-6.47
144425,339.25,-23.87,-6.5,-22.12,-23.92,-6.63
144444,339.37,-24.25,-6.69,-22.04,-24.29,-6.89
144466,339.56,-24.69,-6.94,-21.91,-24.75,-7.06
144489,339.81,-25.19,-7.06,-21.59,-25.41,-7.05
144508,340.5,-25.69,-7,-21.05,-26.01,-6.95
144532,341,-26.31,-6.81,-20.31,-26.7,-6.73
144552,341.56,-27.37,-6.5,-19.66,-27.42,-6.52
144575,342.37,-28.06,-6.37,-19.19,-28.11,-6.43
144594,342.69,-28.69,-6.44,-18.91,-28.74,-6.58
144616,343.12,-29.31,-6.56,-18.56,-29.33,-6.62
144638,343.31,-29.87,-6.56,-18.4,-30.18,-6.6
144657,343.62,-30.37,-6.5,-18.15,-30.38,-6.42
144681,343.75,-30.75,-6.25,-17.83,-30.94,-6.16
144701,343.87,-31.06,-6,-17.5,-31.25,-5.9
144725,344.12,-31.37,-5.69,-17.46,-31.56,-5.65
144744,344.06,-31.87,-5.56,-17.47,-31.91,-5.63
144766,344.37,-32.25,-5.37,-17.2,-32.26,-5.37
144789,344.31,-32.5,-5.31,-17.22,-32.67,-5.27
144808,344.44,-32.75,-5.19,-17.06,-32.99,-5.2
144833,344.37,-33.19,-5.12,-17.15,-33.44,-5.09
144852,344.31,-33.69,-4.94,-17,-33.95,-5
144875,344.44,-34.44,-4.87,-17.17,-34.48,-4.92
144895,344.19,-35.06,-4.81,-17.33,-35.08,-4.79
144917,344.25,-35.63,-4.62,-17.21,-35.65,-4.65
144939,344.12,-36.19,-4.62,-17.37,-36.52,-4.71
144959,343.94,-36.75,-4.81,-17.61,-37.11,-5
144983,343.69,-37.38,-5.19,-18.33,-37.69,-5.43
145003,343.44,-38.25,-5.81,-18.54,-38.28,-5.85
145026,343.31,-38.69,-5.94,-18.72,-38.71,-5.88
145045,343.5,-39.13,-5.75,-18.53,-39.19,-5.61
145067,344.06,-39.63,-5.31,-17.86,-39.65,-5.14
145090,344.44,-40.13,-4.87,-17.1,-40.45,-4.67
145110,344.94,-40.75,-4.37,-16.47,-41.07,-4.21
145135,345.37,-41.38,-4,-15.86,-41.72,-3.82
145154,346.06,-42.31,-3.5,-15.25,-42.36,-3.53
145177,346.44,-42.94,-3.31,-14.85,-42.94,-3.25
145196,346.69,-43.44,-3.12,-14.53,-43.47,-3.15
145218,347.12,-43.94,-3.06,-14.07,-43.96,-3.07
145240,347.25,-44.38,-3.06,-13.95,-44.64,-3.12
145259,347.62,-44.81,-3.12,-13.64,-44.88,-3.25
145283,347.69,-45.19,-3.31,-13.73,-45.45,-3.42
145303,347.69,-45.63,-3.44,-13.54,-45.86,-3.5
145326,347.87,-46.25,-3.37,-13.53,-46.29,-3.34
145346,347.94,-46.69,-3.12,-13.39,-46.74,-2.95
145368,348.19,-47.19,-2.62,-12.94,-47.21,-2.38
145391,348.37,-47.69,-2.06,-12.41,-47.98,-1.75
145411,348.87,-48.19,-1.37,-11.61,-48.52,-0.99
145436,349.19,-48.75,-0.56,-10.69,-49.12,-0.16
145455,349.87,-49.81,0.69,-9.76,-49.84,0.73
145478,350.12,-50.69,1.37,-9.22,-50.7,1.57
145497,350.19,-51.56,1.62,-8.98,-51.61,1.73
145519,350.37,-52.44,1.69,-8.76,-52.51,1.65
145541,350.25,-53.25,1.56,-8.94,-53.67,1.49
145560,350.31,-54.06,1.37,-8.94,-54.53,1.35
145584,350.25,-54.81,1.25,-9.1,-55.28,1.28
145603,350.19,-55.63,1.25,-9.11,-56.14,1.21
145627,350.19,-56.56,1,-9.19,-57.09,0.92
145646,350.19,-58.06,0.81,-9.32,-58.1,0.77
145668,350.31,-59.19,0.62,-9.25,-59.23,0.6
145691,350.25,-60.5,0.5,-9.38,-61.28,0.48
145711,350.25,-62.13,0.44,-9.47,-63.01,0.41
145735,350.19,-63.44,0.37,-9.54,-63.96,0.4
145755,350.19,-64.87,0.37,-9.33,-64.92,0.44
145778,350.5,-65.87,0.44,-9.16,-65.89,0.48
145797,350.69,-66.81,0.56,-8.88,-66.87,0.41
145819,351.19,-67.81,0.62,-8.37,-67.87,0.66
145842,351.37,-68.81,0.62,-8.11,-69.27,0.68
145863,351.56,-69.69,0.69,-7.88,-70.16,0.7
145886,351.56,-70.56,0.69,-7.86,-71.06,0.75
145906,351.69,-72,0.88,-7.63,-72.06,0.92
145929,351.81,-73.12,1.12,-7.31,-73.13,1.3
145948,351.94,-74.19,1.37,-6.92,-74.24,1.51
145970,352.25,-75.19,1.56,-6.45,-75.25,1.7
145993,352.25,-76.12,1.75,-6.41,-76.61,1.81
146012,352.06,-77,1.81,-6.42,-77.43,1.91
146036,351.81,-77.81,1.94,-6.61,-78.23,1.99
146055,351.69,-78.56,2.06,-6.45,-79.02,2.1
146078,351.81,-79.69,2.12,-6.36,-79.74,2.09
146098,351.94,-80.37,2.06,-6.29,-80.41,2.01
146120,352.25,-81,1.94,-6.03,-81.06,1.96
146142,352.25,-81.69,1.87,-6.06,-82.07,1.9
146161,352.37,-82.31,1.81,-5.98,-82.35,1.82
146184,352.31,-82.94,1.75,-6.13,-83.31,1.72
146204,352.31,-83.62,1.62,-6.09,-83.97,1.61
146227,352.44,-84.25,1.5,-6.11,-84.62,1.51
146247,352.5,-85.31,1.37,-6.14,-85.31,1.4
146268,352.75,-86,1.25,-6.07,-86.03,1.26
146289,352.94,-86.75,1,-6.03,-86.76,0.92
146309,353.31,-87.5,0.75,-5.92,-87.52,0.55
146332,353.62,-88.12,0.31,-6,-88.52,0.11
146351,354,-88.81,-0.13,-6.1,-88.87,-0.37
146374,354.37,-89.5,-0.56,-6.05,-89.83,-0.81
146396,354.81,-90.12,-1,-6.21,-90.44,-1.22
146415,355.19,-90.69,-1.37,-6.17,-91.01,-1.55
146438,355.56,-91.25,-1.81,-6.12,-91.56,-1.93
146458,356.19,-92.06,-2.06,-5.94,-92.09,-2.16
146480,356.44,-92.56,-2.25,-5.91,-92.59,-2.35
146500,356.62,-93.06,-2.37,-5.85,-93.09,-2.43
146522,356.81,-93.5,-2.44,-5.76,-93.54,-2.53
146544,357,-93.87,-2.56,-5.73,-94.11,-2.68
146564,357.12,-94.25,-2.75,-5.78,-94.45,-2.84
146588,357.25,-94.56,-2.87,-5.93,-94.78,-3.02
146608,357.62,-95.06,-3.25,-5.9,-95.08,-3.25
146631,357.87,-95.31,-3.44,-5.9,-95.35,-3.61
146650,358.25,-95.56,-3.69,-5.85,-95.59,-3.84
146672,358.56,-95.75,-3.94,-5.79,-95.81,-4.07
146694,358.81,-96,-4.12,-5.77,-96.13,-4.26
146713,359.25,-96.19,-4.31,-5.56,-96.29,-4.42
146737,359.5,-96.31,-4.44,-5.41,-96.49,-4.61
146756,359.94,-96.56,-4.69,-5.14,-96.68,-4.81
146779,0.44,-96.75,-4.94,-4.92,-96.86,-5.03
146799,0.94,-97,-4.94,-4.71,-97.05,-4.99
146820,1.19,-97.19,-5,-4.43,-97.24,-5.01
146842,1.44,-97.44,-5,-4.22,-97.45,-5.01
146862,1.69,-97.62,-4.94,-3.98,-97.66,-4.97
146886,1.81,-97.87,-4.94,-3.85,-98.01,-4.95
146906,1.81,-98.12,-4.94,-3.45,-98.28,-4.94
146929,2.19,-98.37,-4.87,-3.47,-98.58,-4.9
146949,2.19,-98.87,-4.87,-3.52,-98.91,-4.9
146971,2.25,-99.25,-4.94,-3.55,-99.25,-4.98
146993,2.31,-99.62,-5,-3.59,-99.64,-5.03
147013,2.62,-100,-5,-3.38,-100.05,-5.04
147037,2.62,-100.44,-5,-3.42,-100.67,-5.03
147057,2.56,-100.87,-5,-3.29,-101.08,-5.02
147080,2.69,-101.25,-4.94,-3.44,-101.49,-4.93
147099,2.44,-101.94,-4.87,-3.61,-101.96,-4.93
147119,2.37,-102.44,-4.81,-3.77,-102.49,-4.87
147141,2.12,-103.06,-4.75,-3.88,-103.12,-4.71
147161,1.94,-103.81,-4.56,-3.85,-103.83,-4.47
147184,1.56,-104.56,-4.31,-3.98,-104.6,-4.17
147203,1.19,-105.37,-4,-4.09,-105.43,-3.86
147225,0.88,-106.19,-3.69,-4.03,-106.65,-3.55
147247,0.37,-107,-3.37,-4.3,-107.45,-3.25
147269,359.94,-107.81,-3.06,-4.44,-108.24,-2.98
147292,359.44,-109.06,-2.75,-4.53,-109.08,-2.71
147311,359.31,-110,-2.56,-4.4,-110.01,-2.55
147334,359.19,-110.87,-2.44,-4.34,-110.92,-2.36
147353,358.87,-111.75,-2.25,-4.44,-111.77,-2.16
147376,358.5,-112.5,-2.06,-4.57,-112.93,-1.99
147397,358.06,-113.25,-1.87,-4.97,-113.68,-1.85
147417,357.81,-114,-1.75,-5.05,-114.39,-1.73
147441,357.44,-114.69,-1.62,-5.23,-115.02,-1.56
147461,357.12,-115.56,-1.5,-5.25,-115.59,-1.44
147484,356.81,-116.06,-1.37,-5.38,-116.08,-1.3
147503,356.44,-116.5,-1.19,-5.51,-116.54,-1.14
147525,356.06,-117,-1,-5.62,-117.19,-0.98
147547,355.75,-117.5,-0.88,-5.72,-117.81,-0.85
147568,355.56,-118,-0.75,-5.74,-118.29,-0.7
147591,355.25,-118.5,-0.56,-5.78,-118.73,-0.54
147611,354.81,-119.12,-0.37,-5.83,-119.16,-0.4
147634,354.56,-119.62,-0.25,-5.92,-119.64,-0.23
147653,354.25,-120.12,-0.13,-6,-120.18,-0.09
147675,353.94,-120.75,0,-6.05,-120.77,0.04
147697,353.69,-121.44,0.06,-6.11,-121.83,0.13
147716,353.5,-122.19,0.13,-6.13,-122.66,0.25
147740,353.12,-123.06,0.31,-6.37,-123.52,0.43
147760,352.44,-124.31,0.69,-6.59,-124.36,0.74
147783,351.44,-125.06,1.12,-6.86,-125.11,1.41
147803,349.62,-125.75,1.62,-7.05,-125.77,1.89
147825,348.62,-126.37,2.06,-7.14,-126.39,2.29
147847,348,-126.87,2.44,-7.07,-127.14,2.6
147867,347.62,-127.31,2.69,-6.88,-127.57,2.8
147891,347.5,-127.75,2.87,-6.48,-127.97,2.94
147911,347.5,-128.31,3,-6.19,-128.38,3.04
147933,347.44,-128.75,3.12,-6.04,-128.8,3.18
147953,347.19,-129.31,3.19,-5.93,-129.33,3.26
147975,347,-129.87,3.31,-5.83,-129.92,3.38
147998,346.69,-130.44,3.44,-5.81,-130.77,3.52
148017,346.37,-131,3.56,-5.73,-131.35,3.66
148041,346.12,-131.62,3.69,-5.51,-131.99,3.78
148061,345.94,-132.62,3.87,-5.23,-132.65,3.88
148084,345.87,-133.25,4,-4.9,-133.25,4.08
148103,345.62,-133.75,4.12,-4.53,-133.75,4.29
148125,345.37,-134.12,4.37,-4.2,-134.17,4.53
148147,344.87,-134.5,4.62,-3.98,-134.6,4.81
148166,344.25,-134.81,4.94,-3.85,-134.85,5.06
148190,343.62,-135.06,5.12,-3.91,-135.21,5.25
148210,178.19,-135.25,5.25,-4.05,-135.33,5.34
148234,178,-135.31,5.31,-4.24,-135.34,5.35
148253,342.62,-135.19,5.31,-4.37,-135.25,5.35
148275,342.75,-135.06,5.25,-4.44,-135.1,5.28
148297,342.87,-134.87,5.25,-4.46,-134.93,5.24
148316,342.87,-134.75,5.19,-4.62,-134.76,5.21
148340,342.94,-134.56,5.12,-4.7,-134.47,5.14
148360,343.06,-134.37,5.06,-4.87,-134.34,5
148384,343.5,-134.25,4.81,-4.8,-134.3,4.69
148403,344.5,-134.31,4.56,-4.57,-134.33,4.59
148425,345.37,-134.44,4.31,-4.31,-134.49,4.18
148447,346,-134.62,4,-4.24,-134.67,3.98
148466,345.94,-134.75,3.94,-4.52,-134.77,4.03
148490,344.75,-134.87,4.12,-5.29,-135.01,4.37
148509,342.94,-135.12,4.56,-6.1,-135.27,4.82
148534,175.37,-135.37,5,-6.99,-135.58,5.23
148553,174.81,-136,5.56,-7.44,-136.01,5.6
148575,174.69,-136.62,5.94,-7.68,-136.65,6.13
148597,174.62,-137.5,6.31,-7.83,-137.5,6.49
148616,174.44,-138.44,6.62,-8.02,-138.47,6.74
148640,174.12,-139.37,6.81,-8.37,-139.81,6.92
148659,173.62,-140.12,7,-8.9,-140.49,7.1
148683,173,-140.75,7.19,-9.83,-140.98,7.34
148703,172.37,-141.31,7.62,-10.28,-141.32,7.64
148725,172.25,-141.5,7.94,-10.67,-141.52,8.1
148747,171.81,-141.56,8.19,-11.03,-141.61,8.31
148766,171.5,-141.56,8.25,-11.38,-141.58,8.25
148789,171.06,-141.5,8.06,-11.77,-141.48,7.95
148809,170.62,-141.44,7.69,-12.06,-141.55,7.54
148833,170.44,-141.62,7.31,-11.9,-141.83,7.17
148853,170.75,-142.25,6.87,-11.43,-142.29,6.9
148875,171.06,-142.75,6.56,-11.02,-142.8,6.4
148898,171.31,-143.19,6.25,-10.78,-143.24,6.15
148917,171.25,-143.5,6,-10.73,-143.51,5.94
148941,171.19,-143.62,5.87,-10.69,-143.66,5.83
148960,171.19,-143.62,5.75,-10.64,-143.63,5.68
148985,171.19,-143.56,5.56,-10.56,-143.6,5.48
149004,171.19,-143.56,5.19,-10.48,-143.62,5.24
149026,171.25,-143.62,5.06,-10.41,-143.64,5.02
149048,171.31,-143.69,4.94,-10.3,-143.72,4.95
149067,171.37,-143.81,4.87,-10.21,-143.87,4.89
149090,171.37,-144.06,4.81,-10.19,-144.14,4.83
149110,171.31,-144.19,4.75,-10.18,-144.24,4.82
149135,171.44,-144.25,4.81,-10.05,-144.29,4.9
149154,171.56,-144.31,4.94,-10,-144.34,4.98
149176,171.62,-144.37,4.94,-9.95,-144.42,4.93
149199,171.56,-144.5,4.81,-9.96,-144.56,4.75
149218,171.37,-144.69,4.62,-10.05,-144.73,4.57
149242,171.25,-144.87,4.44,-10.1,-145.06,4.41
149261,171.19,-145.12,4.31,-10.11,-145.28,4.28
149285,171.25,-145.37,4.19,-10.01,-145.49,4.16
149305,171.25,-145.62,4,-9.97,-145.67,4.04
149326,171.25,-145.87,3.94,-9.91,-145.88,3.93
149348,171.37,-146.06,3.94,-9.78,-146.11,4.01
149367,171.62,-146.19,4.06,-9.59,-146.23,4.13
149390,171.87,-146.19,4.12,-9.39,-146.19,4.22
149409,171.94,-146,4.25,-9.31,-146.05,4.31
149432,171.94,-145.69,4.37,-9.4,-145.5,4.47
149453,171.94,-145.25,4.56,-9.41,-145.1,4.69
149475,172.19,-144.94,4.81,-9.16,-144.89,4.93
149497,172.56,-144.87,5.06,-8.87,-144.89,5.12
149517,172.94,-145.06,5.06,-8.64,-145.06,5.03
149540,173.06,-145.31,4.87,-8.41,-145.35,4.74
149559,173.25,-145.62,4.5,-8.13,-145.67,4.28
149582,173.37,-146,4,-7.81,-146.17,3.88
149603,173.5,-146.25,3.75,-7.59,-146.42,3.71
149624,173.5,-146.44,3.69,-7.7,-146.54,3.77
149647,173.31,-146.5,3.87,-7.92,-146.55,3.95
149667,173.25,-146.5,3.87,-7.91,-146.51,3.92
149690,173.25,-146.44,3.75,-7.86,-146.5,3.72
149709,173.37,-146.56,3.62,-7.71,-146.59,3.53
149731,173.5,-146.81,3.44,-7.46,-146.87,3.37
149753,173.69,-147.12,3.25,-7.13,-147.33,3.24
149772,173.81,-147.44,3.19,-7.07,-147.55,3.24
149797,173.81,-147.56,3.25,-7.14,-147.67,3.33
149817,173.81,-147.69,3.5,-7.16,-147.74,3.52
149840,173.87,-147.81,3.75,-7.17,-147.83,3.88
149859,174,-147.87,3.94,-7.08,-147.91,4.02
149881,174.12,-147.94,4.06,-7.03,-147.97,4.13
149904,174.12,-147.94,4.12,-7.04,-148.02,4.18
149923,174.19,-148.06,4.12,-6.91,-148.17,4.14
149948,174.31,-148.25,4.06,-6.7,-148.44,4.08
149967,174.69,-148.87,3.94,-6.41,-148.88,4
149990,174.81,-149.37,3.81,-6.17,-149.41,3.73
150009,174.94,-149.94,3.62,-6.01,-149.97,3.54
150031,174.94,-150.44,3.44,-5.93,-150.5,3.38
150053,175,-150.94,3.25,-5.83,-151.18,3.2
150072,175.12,-151.37,3.06,-5.61,-151.43,2.99
150096,175.25,-151.75,2.87,-5.33,-151.95,2.81
150116,175.44,-152.06,2.69,-5.21,-152.29,2.7
150139,175.5,-152.87,2.5,-4.98,-152.92,2.51
150158,175.81,-153.44,2.44,-4.74,-153.48,2.39
150179,176.06,-153.94,2.37,-4.43,-153.97,2.34
150200,176.37,-154.37,2.25,-4.13,-154.41,2.25
150220,176.69,-154.75,2.19,-3.8,-154.77,2.19
150243,177,-155.12,2.12,-3.44,-155.35,2.16
150263,177.31,-155.56,2.12,-3.1,-155.84,2.2
150287,177.62,-156.06,2.19,-2.63,-156.38,2.24
150308,178.12,-156.87,2.19,-2.3,-156.93,2.22
150329,178.25,-157.44,2.06,-1.98,-157.49,1.99
150350,178.62,-158.12,1.94,-1.71,-158.14,1.85
150370,178.81,-158.75,1.75,-1.46,-158.78,1.67
150393,179,-159.44,1.56,-1.26,-159.51,1.5
150413,179.12,-160.25,1.37,-1.11,-160.71,1.34
150437,179.25,-161.12,1.19,-0.8,-161.62,1.08
150458,179.5,-162.5,0.69,-0.35,-162.55,0.7
150479,180,-163.44,0.19,0.27,-163.46,-0.04
150502,180.75,-164.25,-0.19,0.84,-164.31,-0.35
150521,181.06,-165.06,-0.44,1.17,-165.11,-0.55
150545,181.31,-165.81,-0.62,1.43,-166.18,-0.69
150564,181.56,-166.5,-0.75,1.72,-166.89,-0.87
150589,181.87,-167.25,-1,2.28,-167.66,-1.16
150608,182.56,-168.44,-1.5,2.76,-168.48,-1.53
150630,182.94,-169.19,-1.81,3.13,-169.25,-1.92
150653,183.25,-169.87,-2,3.48,-169.93,-2.11
150672,183.5,-170.56,-2.19,3.74,-170.56,-2.3
150696,183.75,-171.12,-2.37,3.97,-171.39,-2.46
150716,184,-171.56,-2.44,4.29,-171.79,-2.5
150740,184.19,-171.94,-2.37,4.55,-172.08,-2.37
150759,184.62,-172.25,-2.25,4.83,-172.29,-2.29
150781,184.87,-172.44,-2.12,5.08,-172.48,-2.14
150804,185.19,-172.69,-2.12,5.37,-172.69,-2.13
150823,185.37,-173,-2.12,5.56,-173,-2.2
150847,185.69,-173.37,-2.25,6.01,-173.67,-2.37
150867,186,-173.94,-2.44,6.28,-174.28,-2.61
150891,186.25,-174.56,-2.87,6.58,-175.01,-3.05
150910,186.69,-175.81,-3.25,6.82,-175.87,-3.41
150932,186.81,-176.81,-3.62,6.94,-176.84,-3.82
150954,186.87,-177.81,-4.06,7,-177.85,-4.3
150974,186.81,-178.87,-4.5,6.91,-178.88,-4.76
150998,186.81,-179.87,-4.94,6.83,179.55,-5.18
151018,186.75,179,-5.5,6.56,178.49,-5.52
151041,186.56,177.37,-5.69,6.45,177.4,-5.75
151061,186.5,176.25,-5.81,6.35,176.3,-5.85
151083,186.44,175.19,-5.87,6.22,175.19,-5.96
151106,186.37,174.06,-5.94,6.11,173.52,-6.01
151126,186.25,172.94,-6,5.83,172.45,-6.07
151151,186.12,171.94,-6.06,5.59,171.47,-6.16
151170,185.75,170.56,-6.19,5.25,170.6,-6.22
151192,185.69,169.75,-6.25,5.08,169.8,-6.25
151212,185.5,169,-6.25,4.92,169.06,-6.28
151234,185.37,168.31,-6.31,4.74,168.37,-6.35
151256,185.25,167.69,-6.37,4.59,167.4,-6.43
151275,185.06,167.06,-6.44,4.36,167.06,-6.45
151299,184.94,166.37,-6.37,4.2,166.06,-6.41
151319,184.94,165.62,-6.31,3.98,165.28,-6.34
151342,184.81,164.37,-6.25,4.06,164.38,-6.22
151362,185.06,163.37,-6.19,4.2,163.4,-6.2
151384,185.12,162.31,-6.19,4.16,162.33,-6.21
151406,185.37,161.19,-6.19,4.37,161.17,-6.21
151425,185.37,160,-6.19,4.31,159.98,-6.21
151450,185.62,158.75,-6.19,4.58,158.2,-6.17
151469,185.81,157.56,-6.06,4.24,156.97,-6.12
151492,185.5,155.75,-6,4.32,155.77,-5.96
151512,185.69,154.56,-5.87,4.38,154.59,-5.81
151534,185.75,153.44,-5.75,4.41,153.45,-5.66
151557,185.69,152.31,-5.5,4.38,151.86,-5.46
151577,185.69,151.31,-5.31,4.32,150.89,-5.3
151600,185.62,150.37,-5.19,4.28,150,-5.18
151620,185.62,149.12,-5.06,4.26,149.15,-5.09
151643,185.69,148.31,-5.06,4.29,148.32,-5.05
151663,185.81,147.44,-5.06,4.39,147.5,-5.04
151686,186,146.56,-5.06,4.49,146.6,-5.1
151708,186.12,145.62,-5.06,4.58,145.15,-5.15
151729,186.31,144.62,-5.19,4.76,144.18,-5.24
151753,186.5,143.69,-5.31,4.85,143.26,-5.36
151772,186.81,142.31,-5.44,4.99,142.36,-5.47
151794,187.06,141.44,-5.56,5.11,141.48,-5.66
151814,187.25,140.62,-5.75,5.22,140.62,-5.81
151836,187.5,139.75,-5.87,5.34,139.68,-5.95
151859,187.62,138.94,-5.94,5.5,138.59,-6.02
151880,187.81,138.19,-6,5.5,137.82,-6.09
151903,187.94,137.44,-6.12,5.6,137.13,-6.15
151922,188.12,136.5,-6.19,5.67,136.51,-6.22
151944,188.19,135.87,-6.25,5.74,135.92,-6.29
151964,350.44,135.31,-6.31,5.79,135.35,-6.34
151987,350.62,134.75,-6.31,5.85,134.77,-6.38
152009,350.87,134.12,-6.37,5.99,133.82,-6.36
152028,350.69,133.44,-6.31,5.43,133.03,-6.31
152052,351.31,132.56,-6.25,5.72,132.09,-6.26
152072,351.81,131,-6.19,5.46,131.01,-6.22
152095,352.62,129.81,-6.19,5.89,129.85,-6.2
152114,353.19,128.62,-6.25,6.28,128.66,-6.42
152136,353.06,127.44,-6.44,6.16,127.44,-6.57
152158,353.25,126.25,-6.62,6.41,125.94,-6.81
152178,352.69,125.06,-6.94,6.07,124.82,-7.12
152202,352.56,124,-7.25,6.37,123.58,-7.45
152222,352.37,123.06,-7.75,5.94,122.67,-7.79
152245,351.56,121.81,-8.06,6,121.87,-8.2
152265,351.19,121.12,-8.31,5.97,121.18,-8.43
152287,350.44,120.56,-8.5,5.42,120.6,-8.64
152310,350.19,120.06,-8.69,5.24,119.84,-8.81
152329,349.31,119.62,-8.81,4.55,119.49,-8.93
152353,349.06,119.37,-8.94,4.34,119.39,-9.01
152373,348.87,119.19,-9,3.76,119.2,-9
152396,348.75,118.37,-8.88,3.7,118.38,-8.81
152415,349.25,117.44,-8.75,3.65,117.48,-8.67
152437,349.31,116.5,-8.56,3.2,116.53,-8.49
152459,349.75,115.56,-8.38,3.07,115.21,-8.18
152478,350.19,114.56,-7.94,2.57,114.26,-7.76
152501,350.75,113.62,-7.56,2.25,113.27,-7.36
152521,351.25,112.81,-7.12,1.55,112.49,-6.96
152545,351.31,112.06,-6.56,1.19,111.78,-6.54
152564,351.69,111.12,-6.19,0.84,111.16,-6.24
152586,351.69,110.56,-5.94,0.33,110.62,-5.87
152608,351.75,110.12,-5.75,0.06,110.15,-5.73
152627,351.69,109.62,-5.62,-0.22,109.69,-5.63
152651,351.69,109.19,-5.56,-0.37,109.02,-5.59
152670,351.62,108.81,-5.56,-0.65,108.62,-5.62
152694,351.12,108.37,-5.62,-1.04,108.2,-5.71
152714,350.87,107.69,-5.75,-1.16,107.75,-5.78
152736,350.56,107.19,-5.81,-1.49,107.25,-5.87
152757,350.5,106.69,-5.87,-1.54,106.71,-5.92
152777,350.31,106.12,-5.87,-1.76,106.14,-5.92
152801,350.5,105.56,-5.87,-1.68,105.28,-5.91
152820,350.69,104.94,-5.87,-1.61,104.71,-5.85
152841,350.87,104.37,-5.75,-1.59,104.17,-5.76
152863,351.12,103.87,-5.69,-1.52,103.63,-5.64
152883,351.31,103.31,-5.56,-1.6,103.09,-5.48
152907,351.69,102.44,-5.25,-1.53,102.5,-5.16
152926,352.06,101.81,-5,-1.7,101.82,-4.89
152949,352.62,101.06,-4.69,-1.58,101.07,-4.56
152968,353.31,100.19,-4.37,-1.42,100.24,-4.19
152989,354,99.25,-3.94,-1.31,99.28,-3.71
153012,354.87,98.25,-3.44,-0.95,97.78,-3.26
153031,355.5,97.25,-3,-0.86,96.79,-2.86
153056,356.31,96.25,-2.62,-0.49,95.81,-2.53
153075,357.25,94.81,-2.25,-0.24,94.87,-2.28
153098,357.81,93.94,-2.06,0.08,94,-2.03
153117,358.19,93.19,-1.94,0.32,93.19,-1.95
153139,358.19,92.44,-1.87,0.25,92.46,-1.91
153161,358.37,91.75,-1.87,0.34,91.47,-1.89
153180,358.31,91.12,-1.87,0.3,91.16,-1.89
153204,358.31,90.5,-1.87,0.25,90.22,-1.9
153224,358.31,89.87,-1.87,0.21,89.55,-1.95
153247,358.19,88.81,-2,0.21,88.88,-2.09
153267,358.12,88.12,-2.12,0.21,88.18,-2.18
153289,358,87.37,-2.19,0.13,87.44,-2.24
153312,357.94,86.62,-2.19,0.11,86.3,-2.22
153331,358.06,85.87,-2.12,0.09,85.54,-2.13
153355,358.19,85.12,-2.06,0.11,84.8,-2.02
153375,358.31,84,-1.87,0.15,84.04,-1.93
153398,358.5,83.25,-1.81,0.26,83.26,-1.82
153418,358.81,82.5,-1.75,0.38,82.51,-1.72
153439,359,81.81,-1.62,0.5,81.83,-1.61
153462,359.25,81.12,-1.5,0.63,80.81,-1.49
153482,359.5,80.44,-1.37,0.83,80.12,-1.36
153507,359.81,79.75,-1.25,1.04,79.41,-1.25
153526,0.25,78.62,-1.12,1.23,78.67,-1.16
153548,0.37,77.87,-1.06,1.37,77.89,-1.02
153568,0.69,77.06,-0.94,1.49,77.09,-0.96
153589,0.81,76.25,-0.94,1.6,76.27,-0.93
153612,0.94,75.44,-0.88,1.7,75.07,-0.91
153631,1.06,74.62,-0.88,1.81,74.67,-0.9
153656,1.19,73.75,-0.88,1.94,73.37,-0.88
153675,1.31,72.87,-0.81,1.83,72.45,-0.86
153698,1.25,71.5,-0.75,1.92,71.52,-0.78
153717,1.44,70.62,-0.69,1.99,70.63,-0.73
153739,1.56,69.75,-0.56,2,69.76,-0.56
153761,1.5,68.87,-0.5,1.92,68.91,-0.47
153780,1.37,68.06,-0.37,1.68,68.07,-0.36
153804,1.31,67.19,-0.31,1.54,66.76,-0.29
153823,1.25,66.25,-0.25,1.39,65.81,-0.27
153848,1.12,65.25,-0.25,1.32,64.8,-0.25
153867,1.12,63.69,-0.19,1.32,63.73,-0.24
153889,1.19,62.63,-0.19,1.32,62.67,-0.16
153912,1.25,61.63,-0.06,1.38,61.64,-0.07
153931,1.31,60.56,0,1.38,60.62,0.04
153955,1.5,59.63,0.06,1.53,59.16,0.15
153975,1.62,58.69,0.19,1.56,58.26,0.25
153999,1.69,57.81,0.31,1.58,57.43,0.33
154018,1.75,56.63,0.31,1.57,56.66,0.35
154040,1.69,55.88,0.31,1.53,55.9,0.36
154062,1.62,55.06,0.31,1.49,55.1,0.34
154081,1.56,54.25,0.31,1.43,54.27,0.31
154104,1.5,53.38,0.25,1.33,52.98,0.28
154124,1.37,52.5,0.25,1.21,52.12,0.27
154146,1.25,51.69,0.25,1.07,51.29,0.26
154167,1.12,50.81,0.25,0.95,50.43,0.27
154189,1,49.94,0.25,0.85,49.55,0.25
154212,0.88,48.63,0.25,0.77,48.65,0.25
154231,0.75,47.69,0.19,0.68,47.75,0.21
154254,0.75,46.81,0.19,0.71,46.43,0.16
154273,0.81,45.94,0.06,0.81,45.52,0.04
154297,0.88,45.13,0,1,44.71,-0.09
154318,1,43.81,-0.25,1.14,43.83,-0.26
154339,1.06,43.38,-0.44,1.27,42.93,-0.46
154361,1.06,42,-0.62,1.37,42,-0.78
154381,1.12,41.06,-0.88,1.48,41.07,-1.01
154404,1.12,40.13,-1.06,1.59,39.65,-1.23
154424,1.19,39.19,-1.31,1.68,38.8,-1.42
154448,1.19,38.31,-1.44,1.73,37.93,-1.53
154469,1.19,37.06,-1.56,1.71,37.07,-1.61
154490,1.06,36.63,-1.62,1.59,36.22,-1.67
154513,0.88,35.31,-1.62,1.41,35.36,-1.62
154532,0.62,34.5,-1.5,1.14,34.52,-1.48
154555,0.44,33.69,-1.31,0.88,33.31,-1.26
154575,0.25,32.88,-1.12,0.54,32.54,-1.04
154599,0.06,32.13,-0.94,0.27,31.74,-0.86
154619,359.81,30.87,-0.69,0.07,30.9,-0.73
154641,359.69,30,-0.62,-0.14,30.01,-0.64
154663,359.56,29.12,-0.56,-0.27,29.13,-0.58
154682,359.44,28.25,-0.5,-0.36,28.27,-0.55
154705,359.44,27.37,-0.5,-0.43,26.96,-0.56
154725,359.37,26.5,-0.56,-0.48,26.07,-0.61
154749,359.31,25.62,-0.62,-0.57,25.19,-0.66
154769,359.25,24.31,-0.69,-0.62,24.32,-0.73
154790,359.06,23.87,-0.75,-0.8,23.47,-0.79
154813,358.94,22.62,-0.81,-0.88,22.65,-0.92
154832,358.81,21.81,-0.94,-0.94,21.85,-1.06
154855,358.69,21.06,-1.12,-1.05,20.73,-1.22
154874,358.56,20.37,-1.25,-1.19,20.39,-1.38
154898,358.31,19.69,-1.44,-1.51,19.4,-1.51
154919,358.12,19.06,-1.5,-1.71,18.77,-1.6
154940,357.87,18.44,-1.62,-1.94,18.14,-1.69
154962,357.62,17.5,-1.75,-2.18,17.5,-1.88
154982,357.25,16.81,-1.94,-2.45,16.85,-2.04
155005,357,16.19,-2.06,-2.7,16.2,-2.2
155024,356.69,15.5,-2.25,-2.94,15.51,-2.37
155046,356.5,14.75,-2.44,-3.17,14.46,-2.55
155068,356.25,14.06,-2.62,-3.5,13.76,-2.72
155087,356,13.38,-2.75,-3.76,13.02,-2.87
155112,355.75,12.63,-2.87,-3.97,12.27,-2.98
155131,355.5,11.5,-3,-4.17,11.51,-3.06
155153,355.31,10.75,-3.12,-4.37,10.77,-3.15
155173,355.12,10,-3.12,-4.55,10.03,-3.22
155195,355,9.25,-3.25,-4.69,9.27,-3.31
155218,354.87,8.5,-3.31,-4.87,8.16,-3.39
155237,354.87,7.75,-3.37,-4.9,7.41,-3.47
155261,354.81,7,-3.5,-5.02,6.67,-3.55
155280,354.69,5.87,-3.62,-5.15,5.94,-3.64
155303,354.56,5.19,-3.69,-5.3,5.2,-3.75
155323,354.37,4.44,-3.75,-5.46,4.47,-3.81
155345,354.19,3.75,-3.81,-5.62,3.75,-3.88
155367,354.12,3,-3.87,-5.77,2.72,-3.96
155386,354,2.37,-4,-5.91,2.05,-4.07
155409,353.87,1.69,-4.06,-6.11,1.38,-4.17
155429,353.75,1,-4.19,-6.28,0.69,-4.23
155453,353.56,0.31,-4.25,-6.48,-0.03,-4.29
155472,353.31,-0.69,-4.19,-6.7,-0.7,-4.24
155494,353.06,-1.31,-4.12,-6.95,-1.32,-4.04
155517,352.81,-1.81,-3.94,-7.22,-2.13,-3.84
155536,352.5,-2.37,-3.69,-7.52,-2.37,-3.6
155560,352.25,-2.81,-3.44,-7.93,-3.1,-3.36
155579,352,-3.31,-3.19,-8.1,-3.52,-3.11
155603,351.81,-3.69,-2.75,-8.37,-3.9,-2.81
155622,351.5,-4.19,-2.44,-8.59,-4.22,-2.49
155644,351.25,-4.44,-2.19,-8.78,-4.49,-2.09
155665,351.12,-4.62,-1.94,-8.94,-4.68,-1.84
155685,351.06,-4.81,-1.69,-8.99,-4.84,-1.55
155707,350.94,-4.94,-1.37,-9.12,-5.07,-1.28
155727,350.75,-5.12,-1.12,-9.24,-5.2,-1.05
155748,350.62,-5.25,-0.88,-9.39,-5.37,-0.79
155770,350.37,-5.44,-0.69,-9.76,-5.61,-0.64
155792,350.12,-5.75,-0.56,-9.94,-5.9,-0.6
155815,349.94,-6.19,-0.62,-10.07,-6.23,-0.75
155834,349.87,-6.5,-0.81,-10.13,-6.55,-0.82
155857,349.81,-6.87,-1,-10.2,-6.93,-1.16
155876,349.81,-7.19,-1.25,-10.23,-7.23,-1.42
155899,349.87,-7.44,-1.56,-10.22,-7.55,-1.71
155921,349.87,-7.56,-1.81,-10.23,-7.68,-1.99
155941,349.87,-7.69,-2.12,-10.21,-7.73,-2.26
155965,349.94,-7.69,-2.44,-10.19,-7.71,-2.54
155984,350,-7.56,-2.56,-10.16,-7.6,-2.61
156006,350,-7.37,-2.69,-10.14,-7.39,-2.75
156026,350,-7,-2.75,-10.12,-7.06,-2.78
156048,350.06,-6.56,-2.75,-10.06,-6.36,-2.77
156071,350.06,-6.06,-2.69,-10.05,-5.75,-2.71
156090,350.06,-5.37,-2.62,-10.06,-5.04,-2.58
156114,350,-4.62,-2.5,-10.05,-4.22,-2.42
156134,350,-3.25,-2.25,-10.03,-3.3,-2.25
156157,350,-2.25,-2,-10.01,-2.31,-1.96
156176,350,-1.25,-1.81,-9.99,-1.26,-1.77
156198,350,-0.13,-1.62,-9.98,0.44,-1.57
156221,350,1,-1.44,-9.95,1.65,-1.35
156240,350,2.25,-1.19,-9.89,2.92,-1.12
156265,350.12,3.56,-1,-9.78,4.24,-0.88
156284,350.31,5.56,-0.56,-9.65,5.62,-0.59
156307,350.5,7,-0.19,-9.48,7.04,-0.05
156326,350.69,8.5,0.13,-9.28,8.52,0.37
156348,350.94,10,0.56,-9.06,10.07,0.82
156370,351.19,11.56,1,-8.87,12.41,1.3
156389,351.44,13.19,1.5,-8.7,14.01,1.79
156413,351.69,14.75,2,-8.47,15.6,2.26
156433,351.94,16.37,2.62,-8.26,17.22,2.68
156456,352.25,18.81,3,-8.09,18.84,3.24
156476,352.69,20.37,3.37,-7.92,20.44,3.63
156498,352.94,22,3.69,-7.76,22.02,3.9
156521,353.19,23.56,4,-7.45,24.35,4.17
156542,353.5,25.06,4.25,-7.32,25.87,4.38
156565,353.75,26.56,4.44,-7.18,27.35,4.54
156585,354.06,28.75,4.62,-7.07,28.79,4.64
156608,354.31,30.19,4.69,-6.92,30.2,4.74
156627,354.56,31.56,4.75,-6.77,31.57,4.81
156649,354.75,32.88,4.75,-6.65,32.91,4.79
156671,354.94,34.25,4.75,-6.42,34.94,4.8
156692,355.06,35.56,4.81,-6.32,36.31,4.82
156716,355.31,36.94,4.81,-6.24,37.7,4.84
156735,355.56,39.13,4.87,-6.11,39.16,4.88
156757,355.69,40.63,4.94,-6.01,40.69,5.01
156777,356,42.25,5,-5.94,42.28,5.12
156799,356.12,43.88,5.12,-5.92,43.94,5.19
156822,356.19,45.56,5.19,-5.98,46.48,5.31
156843,356.25,47.31,5.31,-6.09,48.2,5.4
156866,356.25,49,5.37,-6.27,49.89,5.44
156886,356.19,51.5,5.44,-6.44,51.53,5.48
156909,356.12,53.13,5.5,-6.59,53.14,5.55
156928,356.19,54.69,5.56,-6.7,54.73,5.61
156950,356.19,56.31,5.56,-6.77,56.34,5.64
156972,356.31,57.94,5.62,-6.77,58.82,5.73
156993,356.37,59.63,5.75,-6.86,60.48,5.85
157017,356.5,61.25,5.87,-7.05,62.11,5.99
157036,356.56,63.69,6.12,-7.2,63.72,6.12
157058,356.62,65.31,6.25,-7.31,65.32,6.37
157078,356.75,66.87,6.37,-7.45,66.92,6.52
157100,356.81,68.5,6.5,-7.59,68.57,6.62
157123,356.94,70.19,6.69,-7.79,71.08,6.76
157142,356.94,71.94,6.81,-8.02,72.81,6.9
157166,356.94,73.62,6.94,-8.43,74.56,7.05
157186,356.87,76.31,7.19,-8.87,76.34,7.2
157209,356.69,78.12,7.31,-9.24,78.13,7.42
157228,356.5,79.94,7.37,-9.68,79.95,7.52
157250,356.25,81.75,7.44,-10.23,81.77,7.52
157272,355.94,83.5,7.5,-10.79,84.37,7.56
157291,355.5,85.19,7.5,-11.41,86.07,7.54
157316,355,86.87,7.5,-12.39,87.72,7.47
157335,354.44,88.56,7.37,-13.18,89.43,7.38
157359,353.81,91.12,7.25,-13.86,91.15,7.32
157378,352.94,92.81,7.12,-14.53,92.84,7.17
157400,352.25,94.5,6.94,-15.28,94.52,6.87
157423,351.62,96.12,6.75,-15.91,97.01,6.69
157442,351,97.81,6.56,-16.57,98.65,6.55
157467,350.44,99.37,6.44,-17.54,100.18,6.43
157486,349.87,101.56,6.31,-18.23,101.62,6.36
157509,349.37,102.94,6.31,-18.72,102.96,6.42
157529,349,104.19,6.31,-19.11,104.21,6.45
157552,348.87,105.12,6.37,-19.46,105.2,6.41
157574,349,106.19,6.37,-19.49,106.71,6.42
157595,349.06,107.12,6.37,-19.51,107.58,6.41
157618,349.31,107.94,6.37,-19.37,108.3,6.43
157638,349.87,108.87,6.5,-19.26,108.91,6.55
157661,350.69,109.37,6.75,-18.83,109.44,6.9
157680,351.81,109.94,7,-18.24,109.94,7.27
157702,353.06,110.44,7.37,-17.6,110.47,7.64
157725,354.44,111.06,7.81,-16.6,111.41,8.01
157744,355.44,111.69,8.13,-16.37,112.07,8.29
157768,356.37,112.37,8.38,-16.03,112.82,8.55
157788,357.44,113.62,8.75,-15.93,113.68,8.79
157810,357.81,114.69,9.06,-15.92,114.71,9.33
157830,358.87,115.94,9.38,-16.06,115.99,9.6
157852,359.31,117.44,9.56,-16.38,117.5,9.6
157874,359.25,119.19,9.56,-16.97,120.14,9.47
157894,358.5,121.06,9.31,-17.88,122.02,9.1
157918,357.19,122.94,8.81,-19.57,123.87,8.57
157938,355.56,125.62,7.94,-20.89,125.66,7.95
157961,352.31,127.31,7.19,-22.18,127.34,7.02
157980,350.12,128.81,6.5,-23.4,128.86,6.36
158002,348.31,130.12,5.87,-24.41,130.13,5.7
158024,347,131.19,5.5,-25.11,131.45,5.4
158043,346.5,132.12,5.31,-25.51,132.18,5.35
158068,346.5,132.81,5.31,-25.7,133.18,5.35
158087,346.69,133.44,5.37,-26.07,133.71,5.43
158110,346.81,134.06,5.56,-25.99,134.11,5.72
158130,347.81,134.37,5.75,-25.88,134.42,5.91
158152,348.44,134.69,5.94,-25.82,134.69,6.13
158174,349.37,135,6.25,-25.68,135.15,6.42
158193,151.69,135.5,6.5,-25.58,135.55,6.69
158217,151.69,136.12,6.75,-25.46,136.54,6.91
158237,151.75,136.94,6.94,-25.44,137.43,7.04
158261,151.81,137.94,6.87,-25.49,138.53,6.91
158280,151.94,139.87,6.56,-25.65,139.88,6.49
158302,151.94,141.37,6.06,-25.92,141.42,6
158324,151.94,143.06,5.5,-26.22,143.1,5.18
158343,151.87,144.81,4.81,-26.58,144.83,4.49
158367,151.75,146.62,4.12,-27,147.54,3.81
158387,151.69,148.37,3.44,-27.62,149.29,3.09
158411,151.44,150.06,2.31,-27.98,150.8,2.15
158430,151.25,152.62,1.62,-28.34,152.66,1.63
158452,151.06,154.81,0.94,-28.71,154.83,0.98
158474,150.87,157,0.44,-29.02,157.02,0.2
158493,150.62,159.06,0,-29.34,159.11,-0.24
158517,150.5,161.06,-0.37,-29.56,162,-0.56
158536,150.31,162.87,-0.62,-29.74,163.76,-0.75
158560,150.25,164.56,-0.75,-29.85,165.39,-0.77
158580,150.12,166.81,-0.62,-29.93,166.86,-0.68
158602,150.12,168.12,-0.5,-29.95,168.16,-0.31
158625,150.06,169.25,-0.37,-29.92,169.34,-0.3
158644,150.25,170.25,-0.19,-29.75,170.34,-0.06
158668,150.31,171.19,0.06,-29.58,171.67,0.25
158688,150.44,172.06,0.37,-29.48,172.56,0.55
158712,150.5,173,0.81,-29.41,173.47,1.07
158731,150.56,174.44,1,-29.35,174.45,1.06
158753,150.69,175.5,1.12,-29.24,175.54,1.33
158775,150.75,176.75,1.12,-29.2,176.82,1.14
158794,150.81,178.12,1.06,-29.15,178.17,0.96
158818,150.87,179.75,0.75,-29.1,-179.39,0.61
158837,150.94,-178.5,0.31,-29.02,-177.57,0.09
158861,151.06,-176.56,-0.19,-28.85,-175.6,-0.58
158881,151.25,-173.5,-1.37,-28.67,-173.53,-1.38
158903,151.31,-171.37,-2.19,-28.43,-171.42,-2.4
158926,151.56,-169.25,-3.06,-28.14,-169.29,-3.53
158945,151.69,-167.12,-3.87,-27.82,-167.19,-4.32
158969,151.87,-165.06,-4.69,-27.28,-164.08,-5.1
158989,152.12,-163.06,-5.44,-26.76,-162.1,-5.83
159013,152.44,-161.12,-6.5,-26.24,-160.17,-6.62
159032,152.94,-158.25,-7.19,-25.65,-158.31,-7.19
159054,153.37,-156.5,-7.81,-24.93,-156.53,-7.96
159076,153.75,-154.75,-8.44,-24.33,-154.79,-8.72
159095,154.06,-153.12,-8.94,-23.74,-153.12,-9.23
159119,154.31,-151.5,-9.44,-23.2,-150.76,-9.7
159139,154.56,-149.94,-9.88,-22.22,-149.26,-10.09
159163,155.12,-148.5,-10.38,-21.7,-147.82,-10.5
159183,155.5,-146.37,-10.69,-21.23,-146.4,-10.89
159205,156.19,-145,-10.94,-20.31,-145.01,-11.07
159228,156.56,-143.62,-11.13,-19.73,-142.98,-11.2
159247,157.62,-142.31,-11.19,-18.52,-142.2,-11.21
159271,157.94,-141.31,-11.13,-17.92,-140.87,-11.08
159291,158.25,-140.44,-10.81,-17.58,-140.09,-10.86
159314,158.56,-139.37,-10.56,-17.38,-139.41,-10.35
159334,158.81,-138.81,-10.19,-17.34,-138.83,-9.97
159356,158.87,-138.37,-9.75,-17.38,-138.34,-9.56
159379,158.94,-138.06,-9.31,-17.53,-137.96,-9.08
159399,159.06,-137.87,-8.81,-17.52,-137.84,-8.59
159423,159.06,-137.81,-8.31,-17.73,-137.88,-8.15
159443,159,-137.94,-7.62,-18.03,-138,-7.65
159466,158.87,-138.12,-7.06,-18.41,-138.14,-6.8
159485,158.69,-138.25,-6.5,-18.81,-138.3,-6.25
159508,158.56,-138.37,-5.94,-19.15,-138.39,-5.7
159530,158.5,-138.37,-5.44,-19.52,-138.27,-5.21
159552,158.5,-138.06,-5,-19.56,-137.85,-4.86
159575,158.62,-137.19,-4.75,-19.3,-137.21,-4.81
159594,159.12,-136.37,-5,-18.84,-136.37,-5.16
159617,159.44,-135.25,-5.31,-18.33,-135.31,-5.51
159636,355.44,-133.94,-5.62,-17.87,-133.96,-5.85
159659,356.31,-132.5,-6,-17.36,-131.79,-6.28
159681,357.5,-131.06,-6.5,-16.5,-130.35,-6.8
159702,358.75,-129.62,-7.06,-16.06,-128.93,-7.36
159725,359.87,-128.19,-7.94,-15.59,-127.59,-8.18
159744,2.56,-126.37,-8.63,-14.44,-126.39,-8.64
159767,4.37,-125.31,-9.5,-13.95,-125.36,-9.9
159786,5.5,-124.12,-10.13,-13.51,-124.18,-10.21
159808,6.56,-123.06,-10.31,-12.37,-122.77,-10.38
159831,6.75,-122,-10.38,-11.61,-121.55,-10.35
159850,7.5,-121.06,-10.25,-10.56,-120.6,-10.23
159874,7.5,-120.06,-10.13,-9.79,-119.59,-10.06
159894,7.62,-118.56,-9.75,-8.79,-118.6,-9.81
159917,6.94,-117.56,-9.5,-8.69,-117.62,-9.4
159936,6.19,-116.62,-9.25,-8.78,-116.64,-9.17
159958,6.06,-115.62,-9.06,-8.35,-115.67,-9.03
159980,5.31,-114.62,-8.94,-8.68,-114.16,-8.87
160000,5.06,-113.62,-8.75,-8.41,-113.1,-8.69
160024,4.31,-112.5,-8.56,-8.58,-111.98,-8.44
160044,3.62,-110.81,-8.19,-8.26,-110.82,-8.22
160067,2.94,-109.56,-8,-8.43,-109.61,-7.93
160086,2.37,-108.31,-7.87,-8.56,-108.37,-7.84
160108,2.37,-107.06,-7.81,-8.24,-107.11,-7.85
160131,2,-105.75,-7.81,-8.37,-105.15,-7.88
160150,2.06,-104.44,-7.87,-8.06,-103.81,-7.88
160175,1.81,-103.12,-7.81,-8.02,-102.49,-7.77
160194,1.56,-101.25,-7.62,-7.19,-101.29,-7.63
160217,2.25,-100.06,-7.5,-6.68,-100.09,-7.45
160236,2.69,-98.69,-7.44,-5.98,-98.75,-7.38
160258,3.56,-97.19,-7.31,-4.76,-97.24,-7.28
160280,4.19,-95.56,-7.12,-3.69,-94.75,-7.05
160299,5.19,-93.81,-6.87,-2.17,-93.76,-6.76
160323,5.81,-91.94,-6.56,-0.44,-91.02,-6.42
160343,6.37,-90.06,-6.19,1.25,-89.11,-6.02
160367,7.37,-88.12,-5.5,2.3,-87.16,-5.29
160386,7.87,-85.25,-4.94,3.28,-85.28,-5.37
160408,8.63,-83.37,-4.37,4.71,-83.42,-4.13
160431,8.69,-81.56,-3.81,5.41,-80.75,-3.58
160451,9.19,-79.87,-3.31,6.46,-79.04,-3.07
160476,9.13,-78.19,-2.81,7.03,-77.4,-2.59
160495,9.31,-75.87,-2.12,7.67,-75.89,-2.17
160518,9.19,-74.44,-1.75,7.86,-74.49,-1.67
160537,9,-73.19,-1.5,7.9,-73.21,-1.46
160559,9.13,-72,-1.31,8.2,-72.06,-1.27
160581,8.75,-70.94,-1.19,7.93,-70.47,-1.21
160601,8.69,-69.94,-1.19,7.87,-69.53,-1.21
160626,8.25,-69.06,-1.19,7.18,-68.7,-1.26
160645,7.81,-67.87,-1.31,6.94,-67.93,-1.37
160668,7.62,-67.12,-1.44,6.45,-67.16,-1.55
160688,7.06,-66.37,-1.56,6.03,-66.42,-1.69
160710,7.06,-65.62,-1.69,5.97,-65.66,-1.81
160733,6.81,-64.87,-1.81,5.57,-64.5,-1.91
160752,6.87,-64.06,-1.94,5.66,-63.69,-2
160776,6.81,-63.25,-2,5.52,-62.83,-2.08
160795,6.75,-61.88,-2.12,5.72,-61.91,-2.16
160818,7,-60.88,-2.19,5.73,-60.9,-2.2
160838,7.06,-59.75,-2.12,5.82,-59.78,-2.14
160860,7.19,-58.56,-2,6.05,-58.58,-1.96
160883,7.19,-57.25,-1.81,6.27,-56.59,-1.78
160904,7.25,-55.88,-1.62,6.46,-55.15,-1.55
160927,7.25,-54.38,-1.37,6.61,-53.64,-1.22
160947,7.19,-52.06,-0.75,6.85,-52.07,-0.76
160970,7.12,-50.44,-0.13,7.08,-50.49,0.19
160989,7.06,-48.88,0.5,7.36,-48.92,0.88
161011,7.19,-47.38,1.12,7.74,-47.43,1.39
161034,7.31,-45.94,1.56,8.17,-45.33,1.72
161053,7.75,-44.63,1.87,8.65,-44.02,2.15
161078,7.94,-43.38,2.44,9.19,-42.76,2.89
161097,8.56,-41.63,3.81,10.07,-41.64,3.86
161120,8.75,-40.69,4.75,10.55,-40.7,5.11
161139,8.81,-39.81,5.31,10.76,-39.86,5.46
161161,8.94,-39.19,5.56,10.94,-39.19,5.66
161183,8.75,-38.63,5.81,10.82,-38.44,6.1
161202,8.56,-38.19,6.44,10.82,-38.01,6.81
161226,8.19,-37.63,7.06,10.28,-36.81,7.1
161246,7.5,-36,6.5,9.34,-36.24,6.55
161269,6.69,-36.31,5.81,8.2,-36.32,5.67
161289,5.56,-36.31,5.44,7.4,-36.31,5.33
161311,5.12,-36.13,5.19,6.87,-36.14,5.1
161334,5.19,-35.75,5.06,7.01,-35.55,5.14
161354,5.37,-35.25,5.19,7.26,-34.97,5.36
161379,5.69,-34.63,5.44,7.52,-34.27,5.5
161398,6.06,-33.5,5.44,7.73,-33.51,5.48
161421,6.31,-32.69,5.31,7.92,-32.72,5.29
161440,6.62,-31.81,5.25,8.18,-31.84,5.24
161462,6.94,-30.87,5.25,8.46,-30.9,5.34
161484,7.19,-29.87,5.44,8.8,-29.42,5.62
161503,7.37,-28.87,5.75,8.93,-28.44,5.93
161527,7.5,-28,6,9.07,-27.57,6.07
161547,7.56,-26.69,6.06,9.18,-26.7,6.1
161570,7.69,-25.81,6.06,9.12,-25.87,6.13
161589,7.69,-25.06,6.19,9.09,-25.07,6.21
161611,7.69,-24.25,6.31,9.07,-24.27,6.34
161634,7.69,-23.44,6.31,9.03,-23.11,6.31
161654,7.75,-22.75,6.25,9.02,-22.39,6.19
161678,7.75,-22,6.06,8.98,-21.72,5.98
161698,7.81,-21,5.62,8.89,-21.06,5.63
161721,7.81,-20.44,5.19,8.8,-20.46,4.95
161740,7.81,-19.87,4.69,8.69,-19.91,4.43
161763,7.75,-19.37,4.12,8.52,-19.35,3.87
161785,7.75,-18.87,3.56,8.34,-18.68,3.27
161806,7.69,-18.44,2.94,8.11,-18.25,2.63
161828,7.5,-18,2.25,7.75,-17.84,1.9
161848,7.31,-17.31,1.06,7.39,-17.35,1.11
161871,7.12,-16.87,0.31,7.09,-16.9,0.02
161891,6.81,-16.37,-0.31,6.78,-16.43,-0.63
161913,6.56,-15.94,-0.88,6.44,-15.97,-1.18
161936,6.31,-15.56,-1.37,6.01,-15.35,-1.59
161955,5.94,-15.13,-1.69,5.64,-14.9,-1.86
161980,5.75,-14.63,-1.94,5.42,-14.41,-2.02
161999,5.37,-13.81,-2.12,5.12,-13.86,-2.14
162022,5.12,-13.19,-2.19,4.92,-13.2,-2.22
162041,5,-12.44,-2.19,4.78,-12.45,-2.16
162063,4.81,-11.56,-2,4.61,-11.59,-1.97
162086,4.75,-10.56,-1.87,4.6,-10.01,-1.8
162107,4.75,-9.38,-1.69,4.63,-8.76,-1.66
162131,4.75,-8.06,-1.5,4.66,-7.43,-1.52
162151,4.69,-6.06,-1.31,4.64,-6.07,-1.31
162174,4.69,-4.62,-1.19,4.64,-4.66,-1.1
162193,4.69,-3.19,-0.94,4.71,-3.22,-0.84
162216,4.69,-1.81,-0.62,4.68,-1.16,-0.55
162238,4.69,-0.5,-0.44,4.67,0.11,-0.39
162258,4.56,0.69,-0.37,4.55,1.27,-0.39
162281,4.44,1.75,-0.44,4.39,2.19,-0.49
162301,3.87,2.75,-0.62,3.93,2.77,-0.65
162324,3.56,3,-1,3.62,3.03,-1.31
162343,3.19,3.06,-1.69,3.26,3.06,-2.14
162365,2.44,2.87,-2.56,2.54,2.74,-3.13
162387,2.06,2.5,-3.62,2,2.28,-4.25
162409,1.75,1.94,-4.81,1.69,1.69,-5.36
162433,1.37,1.06,-6.12,1.33,1.09,-6.55
162452,0.94,0.44,-6.87,1,0.49,-6.94
162475,0.62,-0.06,-7.56,0.67,-0.11,-7.81
162494,0.37,-0.62,-7.94,0.36,-0.64,-8.16
162518,0.13,-1.06,-8.25,-0.04,-1.25,-8.44
162539,359.94,-1.37,-8.63,-0.27,-1.56,-8.65
162562,359.69,-1.69,-8.69,-0.49,-1.86,-8.83
162584,359.5,-2.12,-8.94,-0.65,-2.16,-9.08
162603,359.37,-2.37,-9.13,-0.78,-2.43,-9.2
162626,359.31,-2.5,-9.19,-0.83,-2.61,-9.29
162646,359.31,-2.69,-9.31,-0.87,-2.79,-9.4
162671,359.31,-2.81,-9.38,-0.9,-2.91,-9.37
162691,359.31,-2.94,-9.25,-0.9,-2.95,-9.26
162713,359.31,-2.87,-9.19,-0.89,-2.9,-9.16
162735,359.31,-2.69,-9.06,-0.85,-2.74,-9.06
162754,359.37,-2.44,-8.94,-0.78,-2.48,-8.9
162778,359.44,-2.12,-8.75,-0.72,-1.92,-8.64
162797,359.44,-1.69,-8.44,-0.62,-1.47,-8.27
162821,359.5,-1.19,-8.06,-0.54,-0.98,-7.84
162841,359.44,-0.44,-7.37,-0.53,-0.45,-7.39
162864,359.44,0.06,-6.94,-0.52,0.12,-6.75
162886,359.44,0.69,-6.5,-0.5,0.73,-6.3
162905,359.37,1.31,-6,-0.5,1.34,-5.79
162929,359.31,1.87,-5.5,-0.61,2.18,-5.26
162949,359.19,2.37,-5,-0.71,2.65,-4.82
162973,359.06,2.81,-4.44,-0.85,3.01,-4.5
162992,358.81,3.19,-4.25,-1.03,3.24,-4.28
163015,358.62,3.31,-4.12,-1.22,3.33,-4.17
163037,358.44,3.31,-4.12,-1.41,3.32,-4.19
163057,357.94,3.25,-4.19,-1.94,3.18,-4.2
163081,357.75,3.06,-4.19,-2.21,2.93,-4.21
163101,357.56,2.75,-4.19,-2.68,2.6,-4.22
163124,357.12,2.19,-4.25,-2.87,2.22,-4.34
163144,356.87,1.81,-4.37,-3.04,1.84,-4.55
163166,356.19,1.37,-4.62,-3.72,1.4,-4.76
163188,356.12,0.94,-4.81,-3.82,0.81,-4.88
163209,356.06,0.62,-4.87,-3.93,0.58,-4.82
163234,356,0.5,-4.69,-4,0.55,-4.6
163253,355.87,0.62,-4.25,-4.06,0.67,-4.28
163276,355.81,0.88,-3.94,-4.11,0.92,-3.8
163295,355.81,1.19,-3.62,-4.14,1.23,-3.54
163318,355.75,1.56,-3.44,-4.17,1.77,-3.42
163340,355.75,1.94,-3.37,-4.18,2.14,-3.4
163362,355.69,2.25,-3.44,-4.25,2.39,-3.51
163385,355.62,2.5,-3.62,-4.31,2.52,-3.71
163406,355.56,2.5,-3.69,-4.36,2.53,-3.7
163428,355.56,2.5,-3.69,-4.34,2.57,-3.77
163447,355.62,2.56,-3.81,-4.26,2.6,-3.92
163471,355.62,2.69,-3.94,-4.28,2.76,-4
163492,355.56,2.81,-3.94,-4.37,2.86,-3.97
163515,355.5,2.81,-3.81,-4.39,2.86,-3.79
163537,355.5,2.75,-3.69,-4.36,2.8,-3.66
163556,355.56,2.69,-3.62,-4.33,2.75,-3.67
163580,355.56,2.69,-3.69,-4.3,2.76,-3.82
163599,355.56,2.75,-3.81,-4.28,2.73,-3.74
163624,355,2.62,-3.5,-4.91,2.49,-3.24
163643,355,1.87,-2.37,-4.94,1.91,-2.39
163665,354.44,1.06,-1.5,-5.5,1.07,-1.24
163688,354.44,0.25,-1,-5.5,0.29,-0.91
163707,354.06,0,-0.81,-5.92,0,-0.87
163731,354.06,0.19,-0.88,-5.92,0.37,-0.99
163751,354.06,0.5,-1,-6.5,0.66,-1.05
163775,353.44,0.69,-1.06,-6.5,0.66,-1.1
163794,353.5,0.44,-1.12,-6.49,0.48,-1.16
163815,353.12,0.31,-1.06,-6.86,0.37,-1.02
163838,353.12,0.31,-1,-6.86,0.37,-1.02
163858,352.62,0.37,-1,-7.33,0.41,-1.04
163882,352.62,0.37,-1,-7.33,0.41,-0.99
163902,352.62,0.31,-0.94,-7.66,0.34,-0.96
163926,352.31,0.31,-0.94,-7.65,0.34,-0.95
163945,352.31,0.31,-0.88,-7.65,0.35,-0.92
163966,352,0.37,-0.88,-7.96,0.39,-0.9
163989,352,0.37,-0.88,-7.96,0.41,-0.9
164011,351.62,0.37,-0.88,-8.36,0.44,-0.92
164035,351.62,0.44,-0.88,-8.36,0.46,-0.93
164058,351.31,0.44,-0.94,-8.67,0.48,-0.95
164080,351.31,0.5,-0.94,-8.67,0.52,-0.94
164100,351.31,0.5,-0.94,-8.67,0.54,-0.95
164123,351,0.5,-0.94,-8.96,0.55,-0.95
164144,351,0.56,-0.94,-8.96,0.57,-0.94
164167,350.69,0.56,-0.94,-9.29,0.59,-0.97
164189,350.69,0.56,-0.94,-9.29,0.61,-0.97
164211,350.31,0.62,-0.94,-9.64,0.66,-0.98
164234,350.31,0.62,-0.94,-9.64,0.7,-0.98
164256,350.31,0.69,-0.94,-9.72,0.72,-1
164277,350.25,0.69,-1,-9.72,0.73,-1.01
164297,350.25,0.75,-1,-9.72,0.75,-1.01
164319,350.19,0.75,-1,-9.78,0.78,-1.03
164342,350.19,0.75,-1,-9.78,0.82,-1.05
164365,349.94,0.81,-1,-10.03,0.83,-1.06
164388,349.94,0.81,-1.06,-10.03,0.84,-1.09
164407,349.62,0.88,-1.06,-10.34,0.88,-1.13
164430,349.62,0.88,-1.12,-10.34,0.93,-1.17
164449,349.62,0.94,-1.12,-10.34,0.97,-1.21
164470,349.5,0.94,-1.19,-10.46,0.98,-1.22
164493,349.5,1,-1.19,-10.46,1,-1.24
164516,349.44,1,-1.25,-10.51,1.02,-1.27
164538,349.44,1,-1.25,-10.51,1.05,-1.32
164558,349.31,1,-1.31,-10.63,1.06,-1.35
164581,349.31,1.06,-1.37,-10.63,1.08,-1.4
164600,349.31,1.06,-1.37,-10.63,1.08,-1.44
164621,349.25,1.06,-1.44,-10.68,1.1,-1.46
164644,349.25,1.06,-1.44,-10.68,1.12,-1.45
164667,349.25,1.12,-1.44,-10.72,1.13,-1.46
164690,349.25,1.12,-1.44,-10.72,1.13,-1.48
164712,349.06,1.12,-1.44,-10.86,1.14,-1.51
164735,349.06,1.12,-1.5,-10.86,1.15,-1.54
164757,349.06,1.12,-1.5,-11.03,1.15,-1.55
164779,348.94,1.12,-1.5,-11.03,1.16,-1.55
164799,348.94,1.12,-1.5,-11.03,1.17,-1.56
164820,348.75,1.12,-1.5,-11.23,1.19,-1.57
164843,348.75,1.19,-1.56,-11.23,1.2,-1.59
164866,348.62,1.19,-1.56,-11.33,1.21,-1.6
164888,348.62,1.19,-1.56,-11.33,1.22,-1.62
164910,348.5,1.19,-1.56,-11.48,1.24,-1.64
164933,348.5,1.19,-1.62,-11.48,1.25,-1.66
164952,348.5,1.25,-1.62,-11.47,1.26,-1.67
164976,348.31,1.25,-1.62,-11.61,1.27,-1.68
164996,348.31,1.25,-1.62,-11.61,1.29,-1.68
165019,348.31,1.25,-1.62,-11.66,1.3,-1.69
165041,348.31,1.31,-1.69,-11.66,1.32,-1.69
165063,348.06,1.31,-1.69,-11.87,1.33,-1.69
165086,348.06,1.31,-1.69,-11.87,1.34,-1.69
165108,348.06,1.31,-1.69,-11.94,1.34,-1.69
165130,348,1.31,-1.69,-11.94,1.36,-1.7
165150,348,1.31,-1.69,-11.94,1.36,-1.7
165173,348,1.31,-1.69,-11.97,1.38,-1.7
165195,348,1.37,-1.69,-11.97,1.39,-1.7
165218,348,1.37,-1.69,-11.98,1.4,-1.7
165240,348,1.37,-1.69,-11.98,1.4,-1.7
165261,347.94,1.37,-1.69,-12.02,1.41,-1.72
165284,347.94,1.37,-1.69,-12.02,1.42,-1.73
165306,347.94,1.37,-1.69,-12.03,1.43,-1.73
165329,347.94,1.37,-1.69,-12.03,1.44,-1.73
165349,347.94,1.44,-1.69,-12.03,1.44,-1.73
165372,347.94,1.44,-1.69,-12.03,1.45,-1.73
165394,347.94,1.44,-1.69,-12.03,1.46,-1.74
165413,347.94,1.44,-1.69,-12.03,1.46,-1.76
165438,347.94,1.44,-1.75,-12.03,1.47,-1.78
165460,347.94,1.44,-1.75,-12.03,1.47,-1.77
165482,347.94,1.44,-1.75,-12.03,1.48,-1.74
165503,347.94,1.44,-1.69,-12.03,1.49,-1.73
165527,347.94,1.44,-1.69,-12.03,1.47,-1.74
165547,347.94,1.44,-1.75,-12.03,1.47,-1.76
165571,347.94,1.44,-1.75,-12.03,1.48,-1.79
165593,347.94,1.44,-1.75,-12.03,1.49,-1.79
165617,347.94,1.44,-1.75,-12.03,1.49,-1.79
165640,347.94,1.44,-1.75,-12.03,1.51,-1.79
