245089,336.87,0.13,-5.94,-23.09,0.14,-5.94
245111,336.87,0.13,-5.87,-23.07,0.18,-5.86
245130,336.94,0.19,-5.81,-23,0.24,-5.8
245154,337,0.25,-5.75,-22.93,0.28,-5.75
245173,337.06,0.25,-5.69,-22.85,0.31,-5.74
245196,337.12,0.25,-5.75,-22.79,0.31,-5.77
245215,337.25,0.25,-5.75,-22.73,0.31,-5.77
245236,337.31,0.31,-5.75,-22.63,0.33,-5.76
245258,337.37,0.31,-5.69,-22.59,0.36,-5.71
245277,337.37,0.37,-5.62,-22.56,0.38,-5.63
245299,337.44,0.37,-5.56,-22.5,0.39,-5.56
245319,337.5,0.37,-5.5,-22.44,0.39,-5.5
245341,337.56,0.37,-5.44,-22.4,0.39,-5.5
245362,337.62,0.37,-5.44,-22.33,0.39,-5.5
245382,337.69,0.37,-5.44,-22.27,0.4,-5.48
245406,337.69,0.37,-5.44,-22.23,0.41,-5.45
245425,337.81,0.37,-5.37,-22.17,0.41,-5.44
245447,337.81,0.37,-5.44,-22.12,0.42,-5.45
245466,337.87,0.44,-5.44,-22.08,0.44,-5.46
245487,337.87,0.44,-5.44,-22.05,0.44,-5.5
245510,337.94,0.44,-5.5,-22.03,0.47,-5.51
245529,337.94,0.5,-5.44,-22.02,0.51,-5.45
245552,337.94,0.5,-5.37,-22.03,0.58,-5.32
245572,337.94,0.56,-5.25,-22,0.62,-5.19
245595,337.94,0.62,-5.12,-21.97,0.66,-5.1
245615,338,0.69,-5,-21.93,0.69,-5.06
245636,338.06,0.69,-5,-21.88,0.7,-5.05
245658,338.06,0.62,-5.06,-21.86,0.68,-5.15
245678,338.06,0.62,-5.19,-21.89,0.65,-5.28
245700,338.06,0.56,-5.31,-21.87,0.57,-5.4
245720,338.06,0.5,-5.44,-21.86,0.52,-5.51
245741,338.12,0.44,-5.56,-21.85,0.4,-5.64
245763,338.06,0.31,-5.69,-21.89,0.33,-5.79
245787,338.06,0.25,-5.94,-21.92,0.27,-5.95
245808,338,0.19,-6.06,-21.93,0.2,-6.17
245828,338.06,0.13,-6.19,-21.92,0.15,-6.32
245851,338.06,0.06,-6.37,-21.9,0.08,-6.5
245870,338.06,0,-6.56,-21.9,0.03,-6.69
245891,338.06,0,-6.75,-21.89,0.01,-6.9
245914,338.06,0,-7,-21.86,0,-7.16
245933,338.12,0,-7.25,-21.83,-0.03,-7.45
245957,338.12,0,-7.56,-21.82,-0.07,-7.73
245977,338.19,-0.13,-7.94,-21.82,-0.15,-8
246000,338.19,-0.25,-8.19,-21.82,-0.25,-8.32
246019,338.19,-0.37,-8.44,-21.82,-0.38,-8.56
246041,338.25,-0.5,-8.69,-21.79,-0.62,-8.84
246064,338.31,-0.69,-8.94,-21.67,-0.81,-9.12
246083,338.37,-0.88,-9.25,-21.64,-1.01,-9.41
246107,338.5,-1.06,-9.5,-21.55,-1.16,-9.69
246126,338.56,-1.25,-9.94,-21.52,-1.29,-9.95
246149,338.56,-1.37,-10.13,-21.52,-1.37,-10.22
246169,338.56,-1.44,-10.25,-21.53,-1.44,-10.36
246190,338.56,-1.44,-10.38,-21.55,-1.46,-10.47
246213,338.5,-1.44,-10.5,-21.58,-1.43,-10.55
246232,338.5,-1.37,-10.56,-21.6,-1.41,-10.61
246256,338.5,-1.31,-10.63,-21.62,-1.29,-10.7
246275,338.44,-1.19,-10.75,-21.63,-1.18,-10.88
246299,338.44,-1.06,-11.13,-21.62,-1.07,-11.32
246318,338.44,-0.94,-11.5,-21.64,-0.99,-11.53
246340,338.37,-0.94,-11.88,-21.69,-0.94,-12.08
246363,338.25,-0.88,-12.19,-21.8,-0.87,-12.34
246383,338.19,-0.81,-12.44,-21.9,-0.8,-12.59
246407,338.06,-0.75,-12.69,-22.01,-0.7,-12.86
246426,338,-0.62,-13,-22.07,-0.56,-13.17
246450,337.94,-0.37,-13.44,-22.13,-0.42,-13.62
246469,337.81,-0.25,-13.75,-22.2,-0.27,-13.8
246490,337.75,-0.13,-14.13,-22.26,-0.13,-14.36
246511,337.69,0,-14.56,-22.29,0.02,-14.84
246531,337.62,0.13,-15.06,-22.3,0.17,-15.33
246555,337.62,0.25,-15.56,-22.29,0.38,-15.81
246574,337.62,0.37,-16,-22.27,0.49,-16.32
246597,337.62,0.5,-16.56,-22.26,0.59,-16.86
246618,337.62,0.62,-17.44,-22.22,0.68,-17.47
246638,337.62,0.75,-18.12,-22.19,0.77,-18.14
246660,337.62,0.81,-18.75,-22.18,0.85,-18.8
246679,337.62,0.88,-19.37,-22.19,0.91,-19.41
246701,337.56,0.94,-20,-22.23,0.95,-20.37
246721,337.5,0.94,-20.69,-22.27,0.98,-21.05
246742,337.44,1,-21.37,-22.35,1.01,-21.73
246765,337.37,1,-22.06,-22.38,0.99,-22.39
246785,337.25,0.94,-22.69,-22.54,0.93,-22.99
246809,337.25,0.88,-23.25,-22.58,0.84,-23.5
246828,337.19,0.69,-23.94,-22.62,0.73,-23.96
246851,337.19,0.56,-24.31,-22.65,0.62,-24.53
246870,337.19,0.56,-24.69,-22.65,0.57,-24.7
246892,337.19,0.5,-25.06,-22.68,0.55,-25.26
246915,337.19,0.5,-25.44,-22.64,0.56,-25.68
246934,337.19,0.5,-25.87,-22.67,0.55,-26.12
246958,337.19,0.5,-26.31,-22.64,0.54,-26.62
246977,337.25,0.5,-26.87,-22.6,0.55,-27.15
247000,337.25,0.56,-27.62,-22.55,0.59,-27.67
247020,337.31,0.56,-28.12,-22.49,0.6,-28.17
247042,337.37,0.56,-28.62,-22.44,0.59,-28.88
247064,337.44,0.5,-29.06,-22.41,0.51,-29.29
247083,337.25,0.44,-29.5,-22.58,0.48,-29.75
247107,337.31,0.37,-30,-22.55,0.38,-30.27
247126,337.31,0.31,-30.5,-22.72,0.34,-30.79
247149,337.19,0.31,-31,-22.69,0.32,-31.32
247169,337.19,0.25,-31.81,-22.68,0.27,-31.83
247188,337.12,0.25,-32.06,-22.77,0.23,-32.32
247211,337.12,0.19,-32.75,-22.78,0.17,-32.81
247231,337.06,0.13,-33.25,-22.85,0.13,-33.28
247253,337.06,0.06,-33.75,-22.88,0.1,-34
247273,337.06,0.06,-34.19,-22.88,0.09,-34.5
247294,336.94,0.06,-34.69,-23.02,0.09,-34.93
247316,336.94,0.06,-35.13,-23.01,0.12,-35.36
247335,336.75,0.13,-35.56,-23.19,0.16,-35.8
247359,336.75,0.13,-36,-23.2,0.19,-36.23
247378,336.69,0.19,-36.44,-23.22,0.22,-36.65
247401,336.69,0.19,-37,-23.22,0.26,-37.03
247421,336.62,0.25,-37.31,-23.22,0.3,-37.35
247442,336.62,0.31,-37.63,-23.21,0.34,-37.65
247463,336.62,0.37,-37.94,-23.2,0.38,-38.15
247483,336.62,0.44,-38.25,-23.16,0.45,-38.47
247505,336.69,0.5,-38.63,-23.12,0.56,-38.82
247525,336.69,0.56,-39,-23.05,0.66,-39.25
247548,336.75,0.69,-39.44,-22.93,0.75,-39.74
247569,336.81,0.75,-39.94,-22.85,0.84,-40.24
247591,336.75,0.88,-40.69,-22.86,0.93,-40.75
247613,336.81,0.94,-41.25,-22.8,0.99,-41.55
247633,336.56,1,-41.75,-23,1.02,-42.09
247655,336.62,1.06,-42.31,-22.94,1.03,-42.65
247675,336.62,1.12,-42.94,-22.88,1.05,-43.27
247699,336.62,1.12,-43.56,-22.95,1.16,-43.87
247720,336.56,1.12,-44.44,-22.93,1.15,-44.45
247740,336.44,1.12,-44.94,-23.1,1.11,-45
247763,336.37,1.06,-45.56,-23.14,1.08,-45.92
247783,336.19,1,-46.13,-23.35,1.04,-46.46
247806,336.12,0.94,-46.63,-23.4,0.93,-46.97
247825,336.12,0.94,-47.25,-23.43,0.85,-47.55
247846,335.87,0.94,-47.81,-23.69,0.99,-48.11
247869,335.87,0.94,-48.38,-23.73,0.99,-48.68
247888,335.56,0.94,-48.94,-23.91,1,-49.23
247912,335.56,1,-49.5,-23.92,1.02,-49.79
247931,335.56,1.06,-50.31,-24.12,1.07,-50.34
247954,335.37,1.06,-50.88,-24.08,1.11,-51.22
247973,335.37,1.12,-51.38,-24.03,1.16,-51.44
247996,335.31,1.19,-51.94,-24.08,1.26,-52.23
248018,335.31,1.31,-52.5,-24.01,1.38,-52.76
248037,334.94,1.44,-53,-24.34,1.47,-53.25
248060,334.87,1.5,-53.44,-24.38,1.55,-53.69
248080,334.87,1.56,-53.88,-24.49,1.61,-54.1
248103,334.62,1.62,-54.44,-24.46,1.69,-54.46
248123,334.62,1.75,-54.81,-24.43,1.79,-54.83
248144,334.37,1.87,-55.19,-24.62,1.91,-55.49
248166,334.37,2,-55.63,-24.51,2.06,-55.88
248185,334.12,2.19,-56.06,-24.68,2.19,-56.31
248208,334.12,2.25,-56.5,-24.58,2.35,-56.73
248227,334.19,2.31,-56.94,-24.51,2.42,-57.18
248250,333.94,2.37,-57.38,-24.68,2.44,-57.69
248272,333.94,2.44,-58.19,-24.67,2.5,-58.24
248294,333.44,2.56,-58.75,-25.06,2.57,-58.74
248317,333.44,2.62,-59.31,-25.02,2.66,-59.64
248336,333.12,2.69,-59.94,-25.27,2.73,-60.28
248358,333.06,2.75,-60.56,-25.25,2.82,-60.92
248378,333,2.81,-61.19,-25.26,2.94,-61.54
248399,332.81,2.87,-61.81,-25.43,2.9,-62.14
248421,332.69,2.87,-62.38,-25.61,2.89,-62.73
248441,332.37,2.81,-63,-25.92,2.85,-63.33
248465,332.25,2.81,-63.88,-26.04,2.81,-63.92
248484,332.06,2.81,-64.5,-26.08,2.84,-64.5
248507,332.06,2.87,-65.06,-26.09,2.89,-65.42
248526,331.94,2.87,-65.69,-26.14,2.88,-66.3
248548,331.5,2.81,-66.25,-26.63,2.84,-66.55
248571,331.44,2.69,-66.81,-26.93,2.72,-67.1
248590,331.31,2.62,-67.31,-26.86,2.66,-67.63
248614,331.19,2.62,-67.87,-27.04,2.6,-68.11
248633,331.12,2.56,-68.56,-27.46,2.58,-68.57
248656,330.69,2.56,-69,-27.52,2.58,-69.38
248675,330.62,2.56,-69.37,-27.53,2.63,-69.48
248697,330.44,2.62,-69.75,-27.67,2.67,-69.99
248720,330.37,2.69,-70.12,-27.71,2.7,-70.3
248739,330.19,2.69,-70.44,-27.88,2.75,-70.58
248763,330.12,2.69,-70.69,-27.96,2.74,-70.89
248782,330.06,2.75,-71,-28.24,2.78,-71.18
248805,329.75,2.75,-71.5,-28.2,2.85,-71.49
248825,329.75,3,-71.81,-28.06,3.01,-71.9
248846,329.62,3.19,-72.19,-27.99,3.21,-72.55
248867,329.69,3.44,-72.56,-27.76,3.44,-72.75
248887,329.62,3.69,-72.87,-27.57,3.71,-73.21
248910,329.75,3.94,-73.19,-27.31,4.1,-73.31
248929,329.81,4.12,-73.37,-27.04,4.34,-73.5
248950,329.56,4.37,-73.56,-27.08,4.54,-73.66
248972,329.69,4.62,-73.69,-26.75,4.76,-73.82
248991,329.56,4.81,-73.87,-26.64,4.99,-74.02
249016,329.62,5.06,-74.12,-26.37,5.25,-74.3
249035,329.62,5.5,-74.62,-26.1,5.55,-74.66
249058,329.69,6,-75.06,-25.67,6.02,-75.37
249077,329.69,6.69,-75.62,-25.09,6.71,-76.65
249099,329.37,7.62,-76.31,-24.56,7.79,-76.69
249121,329.37,8.75,-77.06,-23.54,9.43,-77.47
249141,329.37,10.06,-77.87,-22.12,10.78,-78.29
249165,329.37,11.5,-78.69,-20.48,12.21,-79.15
249185,329.37,13.63,-79.87,-19.18,13.66,-79.93
249208,329.37,15.19,-80.56,-17.73,15.19,-81.89
249227,329.31,16.62,-81.25,-16.36,16.62,-82.33
249249,329.12,18,-81.81,-15.23,18.18,-82.08
249272,329.06,19.19,-82.25,-13.91,19.79,-82.5
249293,328.87,20.25,-82.62,-13.18,20.78,-82.81
249316,328.87,21.37,-82.94,-11.55,22.03,-83.13
249336,328.44,2.56,-83.37,-10.66,23.38,-83.4
249358,328.37,2.62,-83.62,-9.26,24.87,-84.46
249378,328.31,2.69,-83.94,-7.53,26.73,-85
249400,328.25,2.75,-84.25,-5.23,29.86,-84.38
249423,328.19,2.87,-84.5,-1.9,33.85,-84.7
249442,328.06,2.94,-84.87,1.41,38.16,-85.06
249466,328.06,3.06,-85.19,8.39,43.4,-85.36
249485,328,3.19,-85.69,14.43,49.66,-85.69
249508,327.94,3.37,-85.94,21.7,57.12,-89.21
249528,327.81,3.44,-86.12,29.36,64.96,-88.15
249549,327.37,3.56,-86.25,35.82,71.97,-86.26
249572,327.25,3.56,-86.25,40.6,78.7,-86.31
249591,326.94,3.56,-86.31,43.52,81.58,-86.39
249616,326.87,3.56,-86.31,46.67,83.54,-86.35
249635,326.75,3.56,-86.37,49.29,86.25,-86.41
249658,326.56,3.56,-86.37,51.39,88.43,-86.67
249678,326.5,3.62,-86.31,52.72,89.82,-86.52
249700,326.37,176.31,-86.31,53.78,91.02,-86.33
249723,326.31,176.31,-86.31,55.67,94.12,-86.33
249742,326.19,176.31,-86.31,58.16,97.19,-86.36
249766,326.06,176.31,-86.31,62.64,100.33,-86.28
249786,326,176.31,-86.19,67.57,105.35,-86.21
249809,325.87,176.31,-86.06,72.65,110.48,-87.33
249828,325.87,176.31,-85.87,77.66,115.52,-86.14
249849,325.69,176.31,-85.69,82.23,120.24,-87.03
249870,325.75,176.31,-85.5,87.04,125.03,-85.4
249890,325.62,176.31,-85.25,91.29,129.41,-85.19
249912,325.62,176.37,-85,95.14,134.69,-84.91
249932,325.69,176.44,-84.81,98.64,138.04,-84.7
249955,325.5,176.5,-84.56,103.47,141.47,-84.47
249976,325.5,176.56,-84.12,106.55,144.52,-84.18
249998,325.25,176.62,-84,109.37,147.56,-83.83
250020,325.25,176.75,-83.37,112.58,150.72,-84.7
250040,325.06,153.87,-82.81,115.7,153.91,-84.14
250062,325,156.75,-82.19,118.52,157.62,-81.94
250082,324.94,159.37,-81.56,121.15,160.87,-81.29
250103,324.44,161.81,-80.94,123.28,162.55,-80.63
250125,324.31,164.12,-80.19,126.98,165.28,-79.81
250146,324.12,166.25,-79.31,128.84,167.21,-78.85
250170,324.06,168.06,-77.75,130.19,168.82,-78.6
250189,323.69,169.94,-76.62,131.06,169.99,-76.53
250211,323.69,170.75,-75.69,131.83,170.75,-75.32
250231,323.81,171.12,-74.94,132.3,171.13,-74.71
250253,323.94,171.37,-74.44,132.64,171.26,-74.24
250275,324.75,171.19,-74,132.84,170.89,-73.79
250294,325.81,170.62,-73.5,133.42,170.82,-73.22
250318,325.81,170.94,-72.87,133.8,171.09,-72.6
250338,325.69,171.44,-72.06,133.78,171.45,-72.07
250361,325.31,171.94,-71.69,134.2,171.95,-71.9
250380,325.06,172.5,-71.56,134.77,172.54,-71.74
250402,324.75,173.19,-71.37,135.33,173.29,-71.31
250424,324.5,173.75,-71.12,135.81,173.89,-71.04
250443,324.19,174.19,-70.87,136.13,174.33,-70.74
250467,323.94,174.56,-70.56,136.52,174.68,-70.51
250487,323.87,174.69,-70.44,136.38,174.76,-70.47
250510,323.75,174.87,-70.56,136.49,174.88,-70.6
250530,323.56,175,-70.69,136.56,175.03,-70.78
250552,323.19,175.19,-70.62,136.46,175.2,-70.51
250575,323,175.56,-70.37,136.82,175.85,-70.24
250595,322.56,176.19,-70.06,137.34,176.56,-69.99
250619,322.19,176.87,-69.87,138.14,177.25,-69.81
250638,321.94,177.75,-69.69,138.44,177.81,-69.7
250661,321.44,178.25,-69.62,138.8,178.26,-69.72
250681,320.94,178.56,-69.56,138.96,178.6,-69.65
250702,320.62,178.75,-69.56,138.9,178.77,-69.6
250725,320.5,178.75,-69.56,138.81,178.81,-69.63
250744,320.37,178.81,-69.62,138.75,178.88,-69.71
250768,320.31,178.87,-69.69,138.78,178.91,-69.75
250787,320.25,178.94,-69.75,138.84,179,-69.72
250810,320.19,179,-69.56,138.9,179.12,-69.58
250830,320,179.19,-69.31,138.92,179.23,-69.32
250852,319.81,179.31,-69,138.86,179.34,-69.18
250874,319.5,179.37,-68.62,138.67,179.58,-68.48
250893,318.87,179.56,-68.25,138.31,179.67,-68.13
250917,318.56,179.75,-67.94,138.34,179.95,-67.74
250936,318.12,-179.81,-67.5,138.7,-179.64,-67.29
250960,317.44,-179.37,-67,138.53,-179.19,-66.73
250980,316.94,-178.75,-66.06,138.83,-178.77,-66.07
251001,316.37,-178.31,-65.37,139.01,-178.34,-65.41
251022,315.94,-177.87,-64.75,139.31,-177.87,-64.98
251042,315.44,-177.37,-64.25,139.61,-177.39,-64.44
251064,314.94,-176.94,-63.81,139.89,-176.84,-63.68
251084,314.56,-176.56,-63.5,140.13,-176.55,-63.34
251108,314.31,-176.31,-63.13,140.49,-176.21,-63
251129,314.12,-176.12,-62.56,140.55,-176.06,-62.6
251150,314,-176,-62.13,140.64,-175.98,-62.18
251172,313.87,-175.81,-61.75,140.77,-175.85,-61.75
251192,313.5,-175.62,-61.38,140.84,-175.66,-61.5
251215,313.31,-175.44,-61,141.03,-175.49,-60.83
251234,313.19,-175.31,-60.56,141.17,-175.33,-60.4
251257,312.94,-175.25,-60.13,141.14,-175.27,-59.93
251279,312.87,-175.25,-59.69,141.15,-175.26,-59.46
251301,312.75,-175.19,-59,141.14,-175.23,-59.04
251323,312.62,-175.19,-58.69,141.17,-175.2,-58.75
251343,312.31,-175.12,-58.44,140.97,-175.18,-58.48
251366,312.37,-175.19,-58.31,140.97,-175.28,-58.31
251386,312.44,-175.25,-58.25,140.92,-175.39,-58.19
251407,312.44,-175.37,-58.06,140.72,-175.43,-58.02
251429,312.5,-175.44,-57.88,140.69,-175.51,-57.81
251449,312.5,-175.5,-57.63,140.61,-175.58,-57.56
251472,312.56,-175.56,-57.31,140.63,-175.6,-57.34
251492,312.62,-175.56,-57.13,140.65,-175.62,-57.14
251514,312.62,-175.62,-56.88,140.65,-175.65,-56.73
251534,312.62,-175.69,-56.5,140.6,-175.74,-56.56
251555,312.75,-175.87,-55.88,140.53,-176.11,-55.56
251578,312.87,-176,-55.19,140.29,-176.15,-54.85
251598,312.94,-176.19,-54.5,140.14,-176.33,-54.28
251623,313.12,-176.37,-54,140.05,-176.54,-53.87
251642,313.37,-176.69,-53.56,139.87,-176.74,-53.6
251665,313.56,-176.87,-53.38,139.74,-176.91,-53.36
251684,313.75,-177,-53.25,139.63,-177.06,-53.3
251707,313.81,-177.12,-53.06,139.5,-177.27,-52.97
251729,313.94,-177.25,-52.81,139.47,-177.3,-52.71
251748,313.81,-177.31,-52.56,139.24,-177.36,-52.43
251772,313.87,-177.37,-52.25,139.15,-177.43,-52.16
251791,313.87,-177.5,-51.81,138.92,-177.52,-51.86
251814,313.81,-177.56,-51.56,138.78,-177.62,-51.58
251833,313.87,-177.69,-51.25,138.63,-177.74,-51.25
251855,313.87,-177.81,-50.75,138.51,-177.82,-50.84
251877,313.81,-177.87,-50.19,138.33,-177.96,-49.95
251896,313.5,-177.87,-49.63,138.04,-177.92,-49.36
251920,313.31,-177.94,-49.06,137.68,-178.04,-48.75
251940,313.12,-178.06,-48.31,137.48,-178.08,-47.96
251963,312.62,-178,-47.13,136.98,-178.03,-47.14
251983,312.12,-177.94,-46.38,136.85,-177.98,-46.42
252005,311.62,-177.87,-45.81,136.58,-177.93,-45.87
252028,311.31,-177.81,-45.25,136.49,-177.96,-45.03
252047,315.37,-177.75,-44.75,136.34,-177.83,-44.5
252072,315.31,-177.69,-44.25,136.35,-177.65,-44.06
252091,315.25,-177.56,-43.88,136.23,-177.58,-43.76
252114,315.19,-177.5,-43.5,136.19,-177.5,-43.55
252134,315.12,-177.44,-43.38,136.16,-177.45,-43.42
252155,314.87,-177.37,-43.19,135.92,-177.43,-43.24
252177,314.87,-177.37,-43,135.88,-177.49,-42.86
252196,314.5,-177.37,-42.63,135.57,-177.43,-42.45
252220,314.5,-177.37,-42.19,135.54,-177.42,-41.95
252239,314.5,-177.37,-41.63,135.42,-177.46,-41.4
252263,314.37,-177.44,-41.06,135.34,-177.52,-40.8
252283,314.25,-177.5,-40.13,135.15,-177.57,-40.13
252305,314,-177.5,-39.38,134.91,-177.56,-39.38
252327,313.75,-177.5,-38.69,134.67,-177.56,-38.37
252346,313.37,-177.44,-38,134.29,-177.49,-38.03
252369,313.25,-177.44,-37.38,134.17,-177.6,-37.14
252389,313.25,-177.5,-36.88,134.13,-177.63,-36.71
252413,313.25,-177.56,-36.5,134.12,-177.64,-36.44
252434,313.31,-177.69,-36.31,134.13,-177.73,-36.32
252456,313.37,-177.75,-36.25,134.15,-177.77,-36.27
252478,313.44,-177.75,-36.19,134.18,-177.79,-36.15
252497,313.44,-177.75,-36,134.17,-177.78,-36.04
252521,313.44,-177.81,-35.75,134.15,-177.87,-35.63
252540,313.44,-177.87,-35.44,134.12,-177.97,-35.26
252564,313.44,-178,-35.06,134.07,-178.12,-34.9
252584,313.37,-178.25,-34.56,133.97,-178.3,-34.61
252606,313.37,-178.5,-34.38,133.8,-178.5,-34.35
252628,313.12,-178.62,-34.19,133.59,-178.66,-34.13
252647,313,-178.75,-34,133.39,-178.77,-34.03
252670,312.81,-178.81,-33.81,133.19,-178.82,-33.72
252690,312.62,-178.81,-33.56,133.02,-178.86,-33.49
252714,312.31,-178.81,-33.38,132.59,-178.88,-33.3
252735,312.06,-178.81,-33.13,132.33,-178.85,-33.14
252756,311.81,-178.81,-32.94,132.11,-178.81,-32.97
252779,311.5,-178.75,-32.69,131.89,-178.84,-32.5
252798,311.37,-178.75,-32.25,131.72,-178.79,-32.06
252822,311.25,-178.81,-31.75,131.59,-178.85,-31.56
252841,311.25,-178.87,-31.25,131.53,-178.96,-31.05
252866,311.25,-179,-30.75,131.51,-179.09,-30.57
252885,311.25,-179.19,-30.12,131.47,-179.22,-30.19
252906,311.25,-179.31,-29.87,131.44,-179.36,-29.86
252929,311.25,-179.5,-29.69,131.42,-179.59,-29.62
252948,311.25,-179.62,-29.5,131.38,-179.64,-29.43
252971,311.19,-179.75,-29.25,131.28,-179.87,-29.13
252991,311.06,-179.87,-28.94,131.11,-179.96,-28.72
253015,310.81,179.94,-28.44,130.72,179.96,-28.2
253035,310.37,179.87,-27.56,130.37,179.91,-27.56
253057,310.19,179.81,-26.81,130.01,179.85,-26.79
253080,309.69,179.75,-26,129.65,179.65,-25.6
253099,309.25,179.75,-25.12,129.27,179.64,-24.68
253123,308.94,179.81,-24.12,128.9,179.86,-23.66
253143,308.69,179.87,-23.06,128.55,179.9,-22.54
253167,308.44,179.87,-21.37,128.4,179.93,-21.28
253186,308.25,179.94,-20.12,128.27,179.97,-20.18
253208,308.12,-179.81,-18.87,128.13,-179.86,-18.86
253230,307.94,-179.5,-17.56,128.07,-179.7,-16.88
253249,307.87,-179.25,-16.19,128.02,-179.25,-15.57
253273,307.87,-179,-14.94,128.03,-178.98,-14.44
253292,307.87,-178.87,-13.94,128.07,-178.84,-13.55
253316,307.94,-178.75,-13.13,128.17,-178.69,-12.85
253336,308,-178.5,-12.19,128.19,-178.53,-12.24
253358,308,-178.31,-11.56,128.18,-178.37,-11.58
253381,307.94,-178.19,-10.88,128.16,-178.29,-10.58
253400,307.94,-178,-10.19,128.14,-178.13,-9.8
253424,307.94,-177.81,-9.38,128.1,-177.73,-8.92
253444,307.87,-177.56,-8.38,128.03,-177.5,-7.91
253468,307.75,-177.37,-6.75,127.83,-177.25,-6.72
253487,307.44,-176.94,-5.56,127.63,-176.99,-5.59
253509,307.31,-176.75,-4.37,127.5,-176.75,-4.29
253531,307.37,-176.56,-3.12,127.49,-176.85,-2.51
253550,307.44,-176.56,-1.87,127.51,-176.58,-1.32
253574,307.44,-176.56,-0.69,127.5,-176.58,-0.21
253594,307.5,-176.56,0.25,127.53,-176.58,0.71
253618,307.5,-176.56,1.06,127.51,-176.59,1.42
253637,307.5,-176.56,1.69,127.46,-176.62,1.74
253659,307.44,-176.69,1.81,127.43,-176.7,1.84
253682,307.37,-176.81,1.69,127.37,-176.88,1.65
253701,307.31,-177,1.56,127.32,-177.07,1.49
253726,307.31,-177.19,1.37,127.28,-177.24,1.39
253745,307.25,-177.25,1.37,127.26,-177.28,1.4
253769,307.25,-177.25,1.5,127.22,-177.28,1.58
253788,307.12,-177.25,1.81,127.14,-177.29,1.9
253810,307.06,-177.31,2.31,127.02,-177.32,2.42
253832,306.87,-177.37,3,126.84,-177.61,3.4
253851,306.81,-177.44,3.81,126.73,-177.69,4.3
253875,306.69,-177.5,4.75,126.6,-177.54,5.29
253894,306.62,-177.5,5.81,126.63,-177.6,6.37
253918,306.81,-177.62,6.94,126.66,-177.7,7.54
253938,306.69,-177.75,8.75,126.52,-177.77,8.79
253960,306.94,-177.81,10.06,126.76,-177.82,10.25
253983,306.81,-177.87,11.44,126.6,-178.22,12.16
254003,306.62,-177.94,12.81,126.44,-177.99,13.53
254027,306.56,-177.94,14,126.33,-177.97,14.39
254047,306.56,-177.94,14.81,126.39,-177.99,14.84
254070,306.69,-178,15.25,126.5,-178.01,15.3
254090,306.75,-178,15.69,126.51,-178.01,15.75
254113,306.75,-177.94,15.94,126.51,-177.99,15.99
254135,306.81,-177.94,15.94,126.57,-177.98,15.95
254157,306.87,-177.94,15.94,126.65,-177.97,16
254180,306.94,-177.94,16.06,126.67,-177.97,16.12
254200,306.94,-177.94,16.19,126.67,-177.95,16.19
254223,306.94,-177.87,16.25,126.7,-177.92,16.33
254242,307,-177.81,16.37,126.71,-177.87,16.49
254266,307,-177.81,16.56,126.7,-177.86,16.72
254287,306.94,-177.81,16.81,126.59,-177.88,17.02
254308,306.81,-177.87,17.19,126.48,-177.88,17.39
254331,306.75,-177.81,17.87,126.37,-177.84,17.98
254350,307.25,-177.81,18.62,126.92,-177.82,18.72
254373,307.06,-177.75,19.5,126.71,-177.96,20.06
254392,306.81,-177.62,20.56,126.46,-177.68,21.17
254414,307.19,-177.56,21.75,126.78,-177.84,22.45
254436,307.06,-177.5,23.12,126.49,-177.47,23.97
254457,307.44,-177.37,24.75,126.76,-177.37,25.66
254481,307.31,-177.25,27.44,126.56,-177.24,27.65
254500,307.56,-177,29.31,126.79,-177.04,29.55
254523,307.37,-176.81,31.25,126.55,-176.84,32.26
254542,307.31,-176.62,33.19,126.34,-176.68,33.28
254564,307.44,-176.44,35,126.33,-176.75,35.85
254587,307.37,-176.25,36.63,125.99,-176.21,37.38
254606,307.75,-176.12,38,126.56,-176.11,38.7
254631,307.75,-176.06,39.25,126.38,-176.05,39.86
254650,308.19,-176,40.88,126.74,-176.02,40.92
254673,308.12,-175.94,41.88,126.62,-175.95,42.32
254692,308.06,-175.81,42.69,126.49,-175.85,42.7
254714,308.37,-175.75,43.5,126.72,-175.94,43.96
254736,308.31,-175.62,44.31,126.58,-175.61,44.8
254755,317.44,-175.5,45.19,126.79,-175.68,45.7
254779,317.44,-175.31,46.13,126.34,-175.21,46.68
254799,317.44,-175.06,47.69,126.13,-174.91,47.75
254822,317.62,-174.5,48.88,125.76,-174.56,48.85
254841,317.75,-174.12,50.06,125.33,-174.15,50.19
254863,318,-173.69,51.31,124.99,-173.71,51.28
254886,318.12,-173.19,52.56,124.5,-172.94,53.23
254906,318.37,-172.62,53.81,124,-172.32,54.51
254931,318.56,-171.94,55.13,122.85,-171.62,55.87
254950,318.87,-170.81,57.25,122.24,-170.87,57.29
254973,319,-170.06,58.69,121.49,-170.08,58.5
254992,319.12,-169.25,60.06,120.73,-169.27,60.18
255014,319.37,-168.37,61.31,119.96,-168.4,61.99
255036,319.5,-167.5,62.56,119.15,-167.48,63.16
255055,319.81,-166.56,63.69,118.43,-166.79,64.23
255079,320,-165.62,64.69,117.02,-165.21,65.22
255099,320.19,-164.75,65.62,116.37,-164.33,66.1
255123,320.37,-163.87,66.87,115.7,-163.48,66.68
255142,320.62,-162.62,67.56,114.96,-162.64,67.6
255163,321,-161.69,68.25,114.32,-161.72,68.04
255186,321.19,-160.69,68.87,113.42,-160.45,69.27
255205,321.69,-159.56,69.62,112.65,-159.69,70.01
255229,321.81,-158.19,70.37,111.53,-157.48,70.83
255249,322,-156.62,71.25,109.04,-155.68,71.73
255273,322.44,-154.56,72.69,107,-153.43,72.84
255292,322.81,-150.62,73.75,104.31,-150.62,73.77
255314,323.12,-147.25,74.81,101.16,-147.25,73.92
255336,323.44,-143.25,75.87,97.36,-141.66,76.44
255355,323.75,-138.62,76.87,92.96,-138.86,77.41
255379,324,-133.56,77.81,88.22,-130.86,78.25
255398,324.25,-128.12,78.62,83.03,-125.43,78.98
255422,324.44,-122.62,79.25,75.01,-119.94,79.53
255442,324.69,-115,79.94,70.25,-115.02,79.96
255464,324.87,-110.44,80.25,66.02,-110.5,79.58
255485,325,-106.06,80.44,61.75,-106.11,80.5
255505,325.19,-101.69,80.5,57.5,-101.74,80.5
255527,325.31,-97.75,80.44,53.59,-96.02,80.44
255547,325.5,-94.31,80.37,50.19,-92.99,80.32
255568,325.62,-91.5,80.25,47.4,-90.24,80.2
255590,325.75,-88.94,80.06,43.91,-87.82,80.04
255609,325.87,-86.69,79.94,41.78,-85.73,79.88
255633,325.94,-84.75,79.81,39.78,-83.85,79.74
255653,326.31,-81.69,79.56,37.9,-81.72,79.64
255675,326.37,-78.87,79.37,35.16,-78.93,78.56
255695,326.5,-75.31,79.12,31.65,-75.35,79.01
255717,326.62,-71.06,78.75,27.52,-69.11,78.56
255740,326.75,-66.44,78.25,21.37,-64.18,77.99
255760,326.87,-61.94,77.62,17.1,-59.86,77.34
255784,326.94,-57.88,77,12.72,-56.08,76.7
255803,327.12,-52.88,76.06,9.73,-52.94,76.13
255826,327.12,-50.31,75.56,7.25,-50.37,74.82
255845,327.19,-48.19,75.06,5.15,-48.19,74.5
255867,327.19,-46.25,74.62,3.33,-45.61,74.37
255890,327.25,-44.56,74.06,1.31,-43.82,73.85
255909,327.44,-43.06,73.56,0.35,-42.42,73.3
255933,327.5,-41.75,73,-1.36,-41.18,72.74
255952,327.56,-40.56,72.19,-2.57,-40.06,72.2
255975,327.69,-39.06,71.62,-3.47,-39.09,71.05
255994,327.87,-38.13,71,-4.34,-38.16,71.05
256016,328,-37.13,70.37,-5.25,-37.17,69.71
256039,328.19,-36.06,69.69,-6.23,-35.53,69.37
256059,328.44,-34.94,68.94,-7.11,-34.37,68.61
256084,328.56,-33.75,68.12,-8.56,-33.17,67.76
256103,328.69,-31.94,66.81,-9.66,-31.98,66.85
256126,329,-30.81,65.81,-10.65,-30.85,64.97
256146,329.19,-29.75,64.81,-11.61,-29.8,63.94
256168,329.44,-28.75,63.81,-12.41,-28.48,63.33
256191,329.5,-27.81,62.81,-13.3,-27.4,62.4
256210,329.62,-27,61.88,-13.97,-26.62,61.45
256235,329.81,-26.19,60.94,-14.82,-25.91,60.5
256254,330.06,-25.25,59.5,-15.27,-25.3,59.56
256277,330.25,-24.75,58.69,-15.65,-24.76,58.14
256296,330.37,-24.25,57.94,-15.97,-24.28,57.47
256317,330.62,-23.87,57.25,-16.13,-23.9,56.78
256339,330.81,-23.5,56.56,-16.35,-23.51,56.3
256358,330.94,-23.19,56,-16.57,-23.22,55.73
256380,331.06,-22.75,55.38,-16.82,-22.6,55.13
256400,331.12,-22.37,54.81,-17.1,-22.26,54.49
256421,331.19,-22.06,54.13,-17.37,-21.89,53.85
256443,331.31,-21.69,53.5,-17.76,-21.49,53.2
256462,331.56,-21.25,52.88,-17.72,-21.08,52.57
256486,331.69,-20.81,51.88,-18.11,-20.62,51.93
256505,331.94,-20.06,51.19,-18.32,-20.11,51.21
256528,332.19,-19.56,50.44,-18.51,-19.58,50.07
256547,332.44,-18.94,49.63,-18.67,-19,49.14
256569,332.69,-18.56,48.81,-18.8,-18.57,48.42
256592,332.81,-18.25,47.94,-18.92,-18.18,47.43
256611,333,-18.06,46.88,-19.1,-17.94,46.34
256635,333.12,-17.81,45.75,-19.31,-17.7,45.23
256655,333.31,-17.44,44.06,-19.52,-17.48,44.1
256678,333.44,-17.25,42.94,-19.69,-17.26,42.33
256697,333.5,-17,41.88,-19.87,-17.04,41.9
256719,333.62,-16.81,40.88,-20.01,-16.85,40.47
256741,333.75,-16.62,40,-20.12,-16.61,39.66
256760,333.87,-16.5,39.25,-20.18,-16.55,38.97
256784,333.94,-16.37,38.5,-20.25,-16.32,38.16
256803,334,-16.19,37.75,-20.38,-16.17,37.46
256826,334.06,-16.06,37.06,-20.49,-16.04,36.73
256846,334.19,-15.94,36,-20.55,-15.94,36.01
256868,334.37,-15.88,35.44,-20.47,-15.88,35.21
256890,334.5,-15.88,35,-20.43,-15.89,34.8
256909,334.69,-15.81,34.56,-20.32,-15.86,34.43
256932,334.75,-15.81,34.25,-20.3,-15.86,34.19
256952,334.81,-15.88,34.06,-20.23,-15.9,34
256976,335.25,-15.88,33.88,-19.79,-15.9,33.77
256996,335.37,-15.88,33.44,-19.71,-15.88,33.47
257015,335.5,-15.81,33.13,-19.63,-15.85,33.15
257038,335.69,-15.81,32.75,-19.57,-15.83,32.6
257057,335.87,-15.75,32.38,-19.5,-15.76,32.37
257080,336,-15.63,31.87,-19.48,-15.67,31.63
257099,336.12,-15.5,31.37,-19.46,-15.53,31.14
257121,336.37,-15.38,30.87,-19.28,-15.45,30.65
257143,336.62,-15.25,30.37,-19.05,-15.19,30.17
257164,336.94,-15.06,29.87,-18.87,-15.04,29.65
257188,337.12,-14.94,29.37,-18.87,-14.91,29.11
257207,337.31,-14.81,28.56,-18.84,-14.81,28.59
257229,337.37,-14.75,28,-18.9,-14.81,27.79
257249,337.37,-14.75,27.56,-18.96,-14.79,27.41
257271,337.44,-14.75,27.19,-18.94,-14.81,26.99
257294,337.56,-14.69,26.75,-18.82,-14.68,26.48
257313,338,-14.56,26.12,-18.56,-14.52,25.85
257338,338.12,-14.38,25.5,-18.58,-14.32,25.16
257357,338.25,-14.06,24.31,-18.64,-14.1,24.35
257379,338.31,-13.81,23.44,-18.75,-13.87,22.96
257399,338.37,-13.56,22.5,-18.89,-13.59,22.07
257421,338.44,-13.31,21.56,-18.96,-13.33,21.22
257443,338.5,-13,20.81,-19.05,-12.88,20.5
257463,338.62,-12.69,20.12,-19.06,-12.58,19.84
257488,338.69,-12.44,19.5,-19.14,-12.32,19.19
257507,338.75,-12.06,18.5,-19.23,-12.1,18.55
257530,338.81,-11.88,17.87,-19.29,-11.9,17.63
257549,338.81,-11.69,17.31,-19.35,-11.73,17.1
257571,338.87,-11.5,16.75,-19.39,-11.54,16.49
257593,338.94,-11.38,16.12,-19.41,-11.3,15.92
257613,338.94,-11.19,15.63,-19.46,-11.16,15.46
257637,338.94,-11.06,15.19,-19.53,-11,15.06
257657,338.94,-10.81,14.75,-19.56,-10.83,14.79
257680,339,-10.63,14.63,-19.64,-10.65,14.53
257699,338.94,-10.44,14.44,-19.68,-10.5,14.45
257721,338.94,-10.31,14.25,-19.72,-10.35,14.23
257743,338.94,-10.19,14.13,-19.76,-10.13,14.07
257762,338.94,-10,13.94,-19.8,-10.05,13.87
257786,338.87,-9.88,13.81,-19.88,-9.82,13.76
257806,338.87,-9.69,13.63,-19.9,-9.67,13.51
257829,338.94,-9.56,13.06,-19.97,-9.5,13.11
257849,338.87,-9.25,12.5,-20.05,-9.28,12.52
257870,338.94,-9,11.75,-20.12,-9.04,11.36
257893,338.87,-8.75,10.88,-20.25,-8.83,10.43
257912,338.81,-8.44,9.94,-20.39,-8.47,9.46
257936,338.81,-8.13,8.94,-20.55,-7.99,8.42
257956,338.81,-7.81,7.87,-20.7,-7.61,7.42
257980,338.75,-7.37,6.62,-20.81,-7.19,6.67
257999,338.75,-6.81,6.06,-20.86,-6.82,6.1
258019,338.75,-6.44,5.62,-20.87,-6.44,5.63
258041,338.81,-6.06,5.19,-20.84,-6.09,5.01
258060,339,-5.75,4.69,-20.75,-5.76,4.74
258083,339.06,-5.44,4.37,-20.67,-5.47,4.22
258102,339.19,-5.19,4.06,-20.6,-5.23,3.92
258124,339.31,-5,3.75,-20.49,-5.07,3.59
258146,339.37,-4.81,3.31,-20.37,-4.75,3.15
258165,339.5,-4.62,2.94,-20.29,-4.57,2.76
258189,339.56,-4.44,2.56,-20.28,-4.39,2.44
258208,339.62,-4.25,2.06,-20.18,-4.19,2.07
258231,339.75,-3.94,1.56,-20.15,-3.96,1.59
258250,339.81,-3.62,0.94,-20.12,-3.67,0.99
258271,339.87,-3.31,0.25,-20.07,-3.35,0.3
258293,339.94,-2.94,-0.44,-20.03,-3,-0.83
258312,340,-2.56,-1.19,-19.97,-2.61,-1.6
258335,340.12,-2.19,-1.94,-19.89,-2.07,-2.36
258355,340.19,-1.87,-2.69,-19.8,-1.73,-3.03
258379,340.37,-1.56,-3.31,-19.59,-1.42,-3.59
258400,340.5,-1.12,-4,-19.46,-1.14,-4.04
258421,340.62,-0.88,-4.31,-19.28,-0.93,-4.37
258443,340.87,-0.69,-4.69,-19.12,-0.74,-4.92
258462,341.06,-0.56,-5.06,-18.92,-0.59,-5.25
258484,341.25,-0.44,-5.37,-18.77,-0.51,-5.5
258504,341.37,-0.37,-5.56,-18.62,-0.43,-5.64
258525,341.5,-0.37,-5.69,-18.48,-0.42,-5.73
258547,341.62,-0.37,-5.75,-18.3,-0.4,-5.78
258566,341.87,-0.37,-5.75,-18.14,-0.41,-5.83
258590,342,-0.37,-5.81,-17.95,-0.43,-5.85
258609,342.06,-0.37,-5.81,-17.73,-0.43,-5.85
258632,342.31,-0.37,-5.87,-17.63,-0.41,-5.96
258652,342.44,-0.31,-6,-17.53,-0.34,-6.1
258673,342.87,-0.19,-6.12,-17.1,-0.24,-6.26
258694,343,-0.06,-6.31,-16.99,-0.09,-6.38
258714,343.31,0.06,-6.37,-16.66,0.09,-6.48
258736,343.37,0.25,-6.5,-16.57,0.39,-6.6
258756,343.44,0.5,-6.69,-16.48,0.63,-6.79
258780,343.56,0.69,-6.87,-16.34,0.87,-6.97
258801,343.56,1.06,-7.12,-16.31,1.09,-7.14
258823,343.69,1.31,-7.31,-16.19,1.32,-7.52
258845,343.69,1.5,-7.69,-16.16,1.53,-7.87
258864,343.75,1.69,-8,-16.11,1.7,-8.24
258886,343.75,1.81,-8.38,-16.11,1.93,-8.56
258906,343.75,1.94,-8.69,-16.09,2.05,-8.82
258927,343.75,2.06,-8.88,-16.08,2.12,-8.98
258949,343.75,2.12,-9,-16.06,2.15,-9.07
258968,343.81,2.12,-9.06,-16,2.17,-9.15
258992,343.81,2.12,-9.19,-16,2.19,-9.23
259011,343.81,2.19,-9.31,-16,2.21,-9.33
259034,343.75,2.19,-9.38,-16.03,2.22,-9.42
259053,343.69,2.19,-9.38,-16.08,2.23,-9.42
259074,343.75,2.19,-9.38,-16.04,2.23,-9.32
259097,343.69,2.19,-9.25,-16.09,2.22,-9.19
259116,343.75,2.19,-9.13,-16.06,2.19,-9.08
259139,343.69,2.12,-9,-16.09,2.15,-9.02
259162,343.69,2.12,-9,-16.05,2.13,-9
259184,343.75,2.06,-9,-16.05,2.12,-9
259205,343.75,2.06,-9,-16.05,2.12,-8.99
259227,343.75,2.06,-8.94,-16.03,2.13,-8.98
259250,343.75,2.06,-8.94,-16.09,2.12,-8.98
259269,343.69,2.06,-8.94,-16.15,2.11,-9.01
259294,343.62,2.06,-9,-16.21,2.1,-9.03
259313,343.62,2.06,-9,-16.16,2.1,-9.03
259336,343.62,2.06,-9,-16.2,2.1,-9.05
259355,343.56,2.06,-9,-16.21,2.1,-9.05
259377,343.62,2.06,-9,-16.18,2.13,-9.06
259400,343.62,2.12,-9,-16.16,2.15,-9.06
259419,343.69,2.12,-9,-16.11,2.17,-9.03
259443,343.69,2.12,-9,-16.09,2.18,-8.98
259462,343.75,2.12,-8.94,-16,2.2,-8.94
259485,343.81,2.19,-8.88,-15.99,2.22,-8.91
259504,343.81,2.19,-8.88,-15.99,2.24,-8.92
259526,343.81,2.25,-8.88,-15.95,2.25,-8.93
259549,343.81,2.25,-8.88,-15.97,2.25,-8.89
259568,343.87,2.19,-8.81,-15.95,2.22,-8.84
259592,343.81,2.19,-8.75,-15.97,2.19,-8.78
259611,343.81,2.12,-8.75,-16,2.16,-8.74
259634,343.81,2.12,-8.69,-16.04,2.16,-8.74
259654,343.69,2.12,-8.69,-16.09,2.17,-8.74
259675,343.69,2.19,-8.69,-16.11,2.2,-8.73
259698,343.62,2.19,-8.69,-16.18,2.22,-8.76
259717,343.62,2.25,-8.75,-16.18,2.28,-8.74
259741,343.5,2.37,-8.69,-16.35,2.45,-8.73
259760,343.37,2.5,-8.75,-16.46,2.56,-8.77
259783,343.25,2.62,-8.75,-16.56,2.69,-8.75
259803,343.12,2.69,-8.63,-16.65,2.81,-8.68
259825,343.12,2.81,-8.56,-16.65,2.92,-8.57
259848,343.06,3,-8.44,-16.68,3.04,-8.41
259867,343.12,3.12,-8.31,-16.6,3.17,-8.3
259889,343.19,3.25,-8.25,-16.55,3.35,-8.26
259909,343.25,3.37,-8.25,-16.48,3.43,-8.26
259933,343.44,3.44,-8.25,-16.25,3.46,-8.28
259954,343.5,3.44,-8.25,-16.15,3.46,-8.28
259975,343.62,3.37,-8.31,-16.02,3.41,-8.33
259998,343.81,3.31,-8.44,-15.91,3.36,-8.58
260017,343.94,3.31,-8.63,-15.76,3.33,-8.78
260040,344.12,3.31,-8.88,-15.57,3.37,-9.02
260060,344.31,3.37,-9.13,-15.38,3.42,-9.31
260085,344.5,3.44,-9.44,-15.13,3.5,-9.7
260105,344.69,3.56,-10.13,-14.98,3.61,-10.16
260126,344.75,3.69,-10.63,-14.86,3.73,-10.94
260149,344.81,3.75,-11.19,-14.75,3.78,-11.4
260168,344.94,3.75,-11.56,-14.66,3.8,-11.73
260192,345,3.75,-11.81,-14.57,3.78,-11.96
260211,345.12,3.75,-12.06,-14.4,3.79,-12.19
260235,345.19,3.81,-12.25,-14.28,3.88,-12.37
260255,345.31,4,-12.38,-14.2,4.05,-12.42
260277,345.37,4.19,-12.31,-14.14,4.22,-12.25
260300,345.44,4.25,-12.13,-14.07,4.31,-12.02
260319,345.5,4.25,-11.88,-14,4.29,-11.78
260343,345.62,4.19,-11.69,-13.85,4.18,-11.71
260363,345.75,4.12,-11.69,-13.72,4.18,-11.8
260387,345.87,4.19,-12,-13.56,4.24,-12.21
260406,346.12,4.31,-12.44,-13.36,4.35,-12.5
260428,346.25,4.44,-13.25,-13.18,4.44,-13.78
260450,346.37,4.56,-14.19,-13.05,4.56,-14.57
260469,346.25,4.81,-14.69,-13.12,4.84,-14.68
260493,346,5.12,-14.44,-13.42,5.34,-14.24
260512,345.81,5.44,-13.94,-13.49,5.59,-13.73
260536,345.81,5.62,-13.44,-13.46,5.74,-13.18
260556,345.94,5.81,-12.31,-13.4,5.81,-12.37
260578,346.06,5.69,-11.19,-13.32,5.75,-10.65
260601,346.31,5.5,-10,-13.2,5.33,-9.41
260621,346.56,5.06,-8.75,-13.03,4.89,-8.12
260645,346.69,4.62,-7.5,-12.97,4.4,-6.92
260665,346.75,3.87,-5.87,-13.05,3.92,-5.94
260688,346.69,3.44,-5.31,-13.09,3.48,-5.21
260708,346.75,3.19,-5.19,-13.06,3.22,-5.34
260730,346.81,3.19,-5.5,-12.98,3.2,-5.82
260752,346.94,3.37,-6.19,-12.86,3.54,-6.6
260771,346.81,3.62,-6.94,-12.96,3.76,-7.32
260796,346.62,3.81,-7.56,-13.17,3.9,-7.77
260815,346.5,3.87,-7.87,-13.29,3.91,-7.88
260838,346.37,3.81,-7.75,-13.37,3.85,-7.72
260858,346.25,3.69,-7.62,-13.46,3.72,-7.66
260880,346.12,3.5,-7.62,-13.61,3.52,-7.65
260903,345.94,3.25,-7.62,-13.89,3.17,-7.56
260923,345.75,3.06,-7.37,-14.12,2.97,-7.15
260947,345.56,2.87,-6.81,-14.35,2.8,-6.44
260967,345.31,2.62,-5.44,-14.56,2.62,-5.5
260989,345.19,2.37,-4.37,-14.76,2.41,-3.71
261009,344.94,2.06,-2.87,-14.95,2.11,-2.1
261031,344.87,1.81,-1.25,-15.08,1.83,-0.48
261053,344.81,1.56,0.25,-15.19,1.52,1
261072,344.69,1.44,1.69,-15.27,1.53,2.36
261096,344.69,1.25,2.94,-15.37,1.24,3.55
261116,344.62,1.19,4.06,-15.43,1.17,4.59
261139,344.56,1.19,5.37,-15.48,1.24,5.74
261159,344.5,1.62,5.81,-15.57,1.66,5.85
261181,344.44,2.37,5.62,-15.67,2.38,5.37
261204,344.5,3,5.06,-15.57,3.24,4.84
261223,344.62,3.31,4.62,-15.49,3.44,4.38
261247,344.81,3.44,4.12,-15.23,3.57,4.01
261267,344.87,3.62,4,-15.25,3.67,4.04
261290,344.87,3.69,4.06,-15.25,3.71,4.05
261310,344.87,3.69,3.87,-15.23,3.75,3.78
261332,344.87,3.81,3.56,-15.19,3.83,3.47
261354,344.87,3.94,3.37,-15.22,4.01,3.33
261374,344.81,4,3.25,-15.29,4.11,3.23
261398,344.75,4.12,3.12,-15.3,4.15,3.16
261418,344.75,4.12,3.06,-15.29,4.17,3.1
261441,344.81,4.06,2.87,-15.23,4.09,2.84
261460,344.87,4,2.62,-15.2,4.03,2.43
261482,344.81,3.81,2.31,-15.23,3.84,2.23
261505,344.75,3.75,2,-15.27,3.8,1.9
261525,344.75,3.75,1.75,-15.32,3.77,1.65
261550,344.69,3.75,1.5,-15.42,3.74,1.51
261569,344.5,3.69,1.37,-15.52,3.75,1.39
261592,344.56,3.62,0.94,-15.46,3.64,0.49
261611,344.75,3.19,-0.13,-15.25,3.21,-0.93
261633,344.94,2.5,-1.75,-15,2.55,-2.58
261655,345.06,2.06,-3.19,-14.84,2.12,-3.54
261676,345.12,2.25,-3.56,-14.79,2.48,-3.42
261699,345.06,2.62,-3.12,-14.87,2.8,-2.87
261719,345,2.81,-2.37,-14.88,2.81,-2.44
261741,345.06,2.56,-2.37,-14.86,2.6,-2.52
261761,345.06,2.44,-2.62,-14.83,2.45,-2.65
261783,345.12,2.44,-2.81,-14.81,2.49,-2.82
261806,345.06,2.56,-2.75,-14.81,2.6,-2.7
261827,345.06,2.56,-2.62,-14.82,2.53,-2.59
261851,345.06,2.44,-2.56,-14.82,2.42,-2.57
261870,345.12,2.37,-2.56,-14.77,2.4,-2.6
261893,345.12,2.44,-2.56,-14.76,2.44,-2.62
261913,345.12,2.44,-2.56,-14.76,2.45,-2.62
261936,345.12,2.44,-2.56,-14.76,2.43,-2.61
261958,345.12,2.37,-2.56,-14.76,2.43,-2.6
261981,345.25,2.37,-2.56,-14.69,2.44,-2.61
262004,345.25,2.44,-2.56,-14.69,2.46,-2.63
262029,345.25,2.44,-2.62,-14.68,2.45,-2.64
262052,345.25,2.44,-2.62,-14.68,2.45,-2.64
262074,345.31,2.44,-2.62,-14.6,2.46,-2.64
262097,345.31,2.44,-2.62,-14.6,2.45,-2.64
262119,345.31,2.44,-2.62,-14.62,2.46,-2.64
262142,345.31,2.44,-2.62,-14.62,2.46,-2.63
262162,345.31,2.44,-2.56,-14.62,2.44,-2.61
262184,345.31,2.37,-2.56,-14.62,2.43,-2.6
262206,345.31,2.37,-2.56,-14.62,2.42,-2.6
262230,345.37,2.37,-2.56,-14.53,2.41,-2.59
262252,345.37,2.37,-2.56,-14.53,2.41,-2.59
262275,345.44,2.37,-2.56,-14.49,2.41,-2.59
262297,345.44,2.37,-2.56,-14.49,2.41,-2.6
262316,345.44,2.37,-2.56,-14.49,2.41,-2.61
262340,345.44,2.37,-2.56,-14.45,2.4,-2.62
262360,345.44,2.37,-2.62,-14.45,2.4,-2.63
262383,345.5,2.37,-2.62,-14.39,2.41,-2.65
262405,345.5,2.37,-2.62,-14.39,2.41,-2.67
262424,345.56,2.37,-2.69,-14.32,2.41,-2.7
262447,345.56,2.37,-2.69,-14.32,2.41,-2.72
262467,345.56,2.37,-2.69,-14.32,2.4,-2.75
262490,345.56,2.37,-2.75,-14.32,2.4,-2.77
262510,345.56,2.37,-2.75,-14.32,2.4,-2.79
262533,345.62,2.37,-2.75,-14.3,2.4,-2.78
262556,345.62,2.37,-2.75,-14.3,2.4,-2.78
262578,345.62,2.37,-2.75,-14.28,2.39,-2.78
262601,345.62,2.37,-2.75,-14.28,2.39,-2.78
262623,345.62,2.37,-2.75,-14.25,2.4,-2.78
262646,345.62,2.37,-2.75,-14.25,2.39,-2.8
262666,345.62,2.37,-2.75,-14.25,2.39,-2.8
262687,345.62,2.37,-2.75,-14.25,2.39,-2.8
262710,345.62,2.37,-2.75,-14.25,2.39,-2.81
262733,345.69,2.37,-2.75,-14.25,2.38,-2.81
262755,345.69,2.37,-2.75,-14.25,2.38,-2.82
262776,345.69,2.37,-2.81,-14.25,2.38,-2.83
262800,345.69,2.37,-2.81,-14.25,2.38,-2.84
262821,345.69,2.37,-2.81,-14.22,2.38,-2.85
262844,345.69,2.37,-2.81,-14.22,2.38,-2.85
262864,345.69,2.37,-2.81,-14.22,2.38,-2.85
262885,345.69,2.37,-2.81,-14.22,2.38,-2.85
262908,345.69,2.37,-2.81,-14.22,2.37,-2.84
262931,345.69,2.37,-2.81,-14.22,2.37,-2.84
262955,345.69,2.31,-2.81,-14.22,2.37,-2.84
262977,345.69,2.31,-2.81,-14.2,2.37,-2.84
262999,345.69,2.31,-2.81,-14.2,2.37,-2.84
263019,345.69,2.31,-2.81,-14.2,2.37,-2.84
263042,345.75,2.31,-2.81,-14.19,2.37,-2.84
263062,345.75,2.31,-2.81,-14.19,2.37,-2.84
263085,345.75,2.31,-2.81,-14.19,2.37,-2.84
263107,345.75,2.31,-2.81,-14.19,2.37,-2.84
263129,345.69,2.31,-2.81,-14.25,2.37,-2.83
263152,345.69,2.31,-2.81,-14.25,2.37,-2.83
263174,345.69,2.31,-2.81,-14.25,2.36,-2.82
263196,345.69,2.31,-2.81,-14.25,2.36,-2.83
263216,345.69,2.31,-2.81,-14.24,2.36,-2.85
263238,345.69,2.31,-2.81,-14.24,2.36,-2.86
263261,345.69,2.31,-2.81,-14.24,2.38,-2.84
263281,345.69,2.37,-2.81,-14.24,2.38,-2.81
263305,345.69,2.37,-2.75,-14.24,2.38,-2.8
263328,345.69,2.37,-2.81,-14.24,2.38,-2.83
263352,345.69,2.31,-2.81,-14.24,2.37,-2.83
263375,345.69,2.31,-2.81,-14.24,2.37,-2.83
263398,345.69,2.31,-2.81,-14.24,2.37,-2.83
263418,345.69,2.31,-2.81,-14.24,2.37,-2.83
263442,345.69,2.31,-2.81,-14.24,2.37,-2.83
