29048,338.5,0.75,0.5,-21.49,0.77,0.55
29071,338.5,0.75,0.5,-21.49,0.77,0.55
29094,338.5,0.75,0.5,-21.53,0.75,0.55
29117,338.44,0.69,0.5,-21.53,0.75,0.55
29137,338.44,0.75,0.5,-21.53,0.77,0.54
29159,338.31,0.75,0.5,-21.64,0.76,0.54
29181,338.31,0.75,0.5,-21.64,0.77,0.54
29205,338.06,0.75,0.5,-21.88,0.77,0.55
29227,338.06,0.75,0.5,-21.88,0.78,0.55
29250,338.06,0.75,0.5,-21.92,0.78,0.55
29273,338.06,0.75,0.5,-21.92,0.78,0.55
29296,338,0.75,0.5,-21.95,0.78,0.55
29318,338,0.75,0.5,-21.95,0.78,0.55
29338,338,0.75,0.5,-21.95,0.78,0.54
29361,337.75,0.75,0.5,-22.19,0.8,0.55
29382,337.75,0.75,0.5,-22.19,0.81,0.55
29405,337.62,0.81,0.5,-22.36,0.81,0.55
29428,337.62,0.81,0.5,-22.36,0.81,0.55
29451,337.56,0.81,0.5,-22.39,0.81,0.54
29475,337.56,0.81,0.5,-22.39,0.81,0.54
29497,337.56,0.81,0.5,-22.42,0.81,0.54
29519,337.56,0.81,0.5,-22.42,0.81,0.54
29539,337.56,0.81,0.5,-22.42,0.81,0.54
29562,337.44,0.81,0.5,-22.51,0.81,0.54
29583,337.44,0.81,0.5,-22.51,0.81,0.54
29606,337.44,0.81,0.5,-22.52,0.81,0.55
29629,337.44,0.81,0.5,-22.52,0.84,0.54
29648,337.44,0.81,0.5,-22.54,0.87,0.55
29672,337.44,0.88,0.5,-22.55,0.94,0.56
29692,337.44,0.94,0.5,-22.55,0.98,0.57
29716,337.44,1,0.56,-22.55,1.03,0.57
29735,337.44,1.06,0.56,-22.55,1.07,0.59
29757,337.44,1.06,0.56,-22.55,1.11,0.6
29779,337.44,1.12,0.56,-22.55,1.13,0.59
29802,337.37,1.12,0.56,-22.58,1.15,0.6
29825,337.37,1.12,0.56,-22.58,1.18,0.61
29845,337.25,1.19,0.56,-22.7,1.22,0.6
29868,337.25,1.19,0.56,-22.7,1.24,0.6
29887,337.25,1.25,0.56,-22.7,1.28,0.6
29909,337.12,1.31,0.56,-22.85,1.34,0.6
29931,337.12,1.37,0.56,-22.87,1.41,0.6
29956,337.06,1.37,0.56,-22.93,1.41,0.58
29978,337.06,1.37,0.56,-22.93,1.41,0.59
30000,337,1.37,0.56,-23.01,1.43,0.59
30024,337,1.37,0.56,-23.01,1.43,0.58
30044,337,1.37,0.5,-23.12,1.4,0.53
30067,336.87,1.31,0.44,-23.1,1.37,0.42
30087,336.87,1.25,0.31,-23.07,1.3,0.3
30109,336.87,1.12,0.25,-23.07,1.17,0.22
30132,336.87,1.12,0.19,-23.06,1.14,0.19
30153,336.87,1.12,0.13,-23.08,1.15,0.13
30177,336.94,1.12,0.06,-23.01,1.15,0.09
30197,337,1.06,0,-23,1.09,-0.02
30220,337,1,-0.13,-23,1.02,-0.27
30239,337,0.88,-0.37,-22.97,0.92,-0.52
30263,337.06,0.75,-0.62,-22.9,0.7,-0.72
30284,337.06,0.62,-0.75,-22.87,0.61,-0.88
30305,337.06,0.56,-0.88,-22.89,0.58,-0.97
30328,337.06,0.5,-0.88,-22.91,0.53,-0.78
30347,337,0.44,-0.56,-22.94,0.47,-0.62
30370,337,0.37,-0.25,-22.99,0.43,-0.2
30389,336.87,0.31,-0.13,-23.08,0.37,-0.11
30412,336.75,0.19,-0.13,-23.23,0.11,-0.21
30434,336.56,0,-0.31,-23.52,-0.1,-0.44
30455,336.37,-0.13,-0.5,-23.76,-0.25,-0.65
30479,336.06,-0.31,-0.94,-24.06,-0.36,-1.15
30498,335.62,-0.44,-1.31,-24.38,-0.5,-1.47
30521,335.31,-0.62,-1.5,-24.65,-0.68,-1.59
30540,335.12,-0.81,-1.56,-24.88,-0.84,-1.6
30564,334.81,-1,-1.56,-25.38,-1.12,-1.58
30585,334.37,-1.19,-1.37,-25.81,-1.33,-1.43
30608,333.94,-1.37,-1.25,-26.34,-1.52,-1.14
30630,333.06,-1.69,-0.69,-26.94,-1.71,-0.56
30649,332.44,-1.81,-0.37,-27.56,-1.82,-0.26
30672,331.81,-1.81,-0.13,-28.18,-1.81,-0.15
30692,331.19,-1.69,-0.19,-28.8,-1.67,-0.27
30716,330.56,-1.56,-0.31,-29.75,-1.5,-0.41
30737,329.94,-1.19,-0.62,-30.38,-1.24,-0.68
30759,329.25,-0.88,-1.25,-31.05,-0.91,-1.59
30781,328.25,-0.44,-2.12,-31.75,-0.5,-2.61
30800,327.56,0,-3.06,-32.43,-0.03,-3.59
30823,326.87,0.44,-4,-33.08,0.71,-4.45
30843,326.25,0.88,-4.75,-33.67,1.11,-5.07
30867,325.69,1.19,-5.25,-34.56,1.32,-5.34
30887,324.69,1.44,-5.31,-35.19,1.46,-5.34
30910,324,1.44,-5.12,-35.91,1.49,-5.07
30932,323.19,1.44,-4.94,-36.71,1.49,-4.84
30951,322.37,1.31,-4.69,-37.5,1.36,-4.61
30975,321.62,1.19,-4.5,-38.75,1.14,-4.38
30995,320.81,1,-4.19,-39.56,0.94,-4.02
31019,320,0.81,-3.5,-40.38,0.68,-3.54
31038,318.69,0.37,-2.94,-41.28,0.39,-2.95
31061,317.75,0.06,-2.37,-42.2,0.1,-2.23
31083,316.87,-0.13,-2.06,-43.07,-0.28,-1.97
31102,316.12,-0.37,-1.87,-43.84,-0.4,-1.85
31126,315.37,-0.56,-1.75,-44.99,-0.72,-1.69
31146,314.62,-0.81,-1.56,-45.77,-1,-1.48
31170,313.81,-1.12,-1.25,-46.59,-1.3,-1.3
31189,312.62,-1.56,-1.12,-47.39,-1.6,-1.16
31212,311.81,-1.87,-0.94,-48.19,-1.89,-0.94
31234,311,-2.19,-0.88,-48.99,-2.34,-0.85
31253,310.19,-2.44,-0.75,-49.82,-2.62,-0.7
31277,309.31,-2.75,-0.56,-51.1,-2.89,-0.53
31297,308.5,-3,-0.37,-49.31,-3.11,-0.4
31320,310.31,-3.19,-0.37,-50.05,-3.25,-0.42
31340,309.19,-3.25,-0.44,-50.79,-3.31,-0.54
31362,311,-3.31,-0.62,-48.97,-3.33,-0.79
31385,310.31,-3.25,-0.94,-50.04,-3.27,-1.13
31405,311.81,-3.19,-1.31,-48.57,-3.16,-1.55
31430,311.12,-3.06,-1.75,-49.24,-2.98,-2.05
31449,312.31,-2.69,-2.5,-47.7,-2.72,-2.55
31472,311.62,-2.44,-3.06,-48.4,-2.49,-3.32
31491,310.87,-2.31,-3.5,-49.14,-2.33,-3.72
31513,312.25,-2.25,-3.87,-47.82,-2.29,-4.02
31535,311.5,-2.31,-4.06,-48.57,-2.43,-4.07
31555,312.62,-2.5,-4,-47.89,-2.66,-3.88
31579,311.75,-2.75,-3.69,-48.8,-2.89,-3.58
31599,312.31,-3.12,-3.19,-47.75,-3.14,-3.22
31622,311.37,-3.31,-2.81,-48.65,-3.36,-2.67
31641,310.5,-3.56,-2.44,-49.56,-3.59,-2.42
31663,311.25,-3.75,-2.19,-48.81,-3.82,-2.13
31686,310.37,-4,-2,-50.13,-4.12,-1.98
31706,311.12,-4.19,-1.87,-49.36,-4.29,-1.87
31731,310.31,-4.31,-1.81,-50.11,-4.45,-1.82
31750,310.62,-4.5,-1.75,-49.43,-4.55,-1.76
31772,309.87,-4.56,-1.62,-50.15,-4.59,-1.66
31792,309.19,-4.62,-1.62,-50.85,-4.68,-1.71
31814,309.87,-4.75,-1.75,-50.17,-4.86,-1.83
31836,309.19,-4.94,-1.87,-51.27,-5.1,-1.99
31855,309.69,-5.25,-2.06,-50.35,-5.5,-2.16
31879,308.75,-5.75,-2.19,-51.9,-6.03,-2.21
31899,307.75,-6.56,-2.12,-51.66,-6.59,-2.16
31922,308.06,-7.06,-2.12,-52.45,-7.12,-2.14
31942,306.94,-7.56,-2.12,-53.19,-7.57,-2.14
31964,307.37,-7.94,-2.12,-52.76,-8.03,-2.13
31987,306.56,-8.25,-2.06,-53.96,-8.36,-2.1
32006,306.87,-8.38,-2.06,-53.65,-8.39,-2.18
32030,306.19,-8.31,-2.25,-54.38,-8.28,-2.39
32050,305.44,-8.06,-2.62,-54.19,-8.07,-2.68
32073,305.19,-7.75,-3,-54.98,-7.78,-3.27
32092,304.37,-7.37,-3.44,-55.82,-7.42,-3.6
32114,304.44,-7,-3.94,-55.76,-7.01,-4.26
32136,303.56,-6.56,-4.5,-56.67,-6.43,-4.76
32155,303.5,-6.25,-4.94,-56.76,-6.14,-5.13
32180,302.56,-6,-5.25,-58.24,-5.98,-5.35
32199,301.56,-5.94,-5.37,-58.34,-5.98,-5.43
32222,301.44,-6,-5.37,-59.26,-6.07,-5.37
32242,300.12,-6.12,-5.25,-60.15,-6.18,-5.22
32264,299.87,-6.25,-5.06,-60.35,-6.26,-4.94
32287,299.06,-6.31,-4.75,-61.15,-6.35,-4.57
32307,299,-6.37,-4.31,-61.73,-6.49,-4.01
32331,298.06,-6.56,-3.62,-62.58,-6.76,-3.34
32351,297.5,-7.12,-2.62,-62.61,-7.13,-2.66
32374,296.81,-7.44,-2,-63.3,-7.49,-1.8
32393,296.19,-7.81,-1.56,-63.92,-7.82,-1.59
32415,296.12,-8.06,-1.19,-63.92,-8.11,-1.11
32437,295.5,-8.31,-1,-64.55,-8.42,-0.98
32456,295.44,-8.44,-0.94,-64.59,-8.55,-1.01
32480,294.87,-8.56,-1,-65.49,-8.64,-1.13
32500,294.31,-8.63,-1.37,-65.51,-8.7,-1.4
32524,294.31,-8.69,-1.75,-66.04,-8.73,-1.91
32543,293.5,-8.69,-2,-66.62,-8.72,-2.06
32565,293.25,-8.69,-1.87,-66.88,-8.74,-1.8
32588,292.5,-8.69,-1.56,-68.05,-8.77,-1.4
32608,292.25,-8.75,-1.12,-68.27,-8.83,-0.97
32633,291.44,-8.81,-0.75,-69,-8.9,-0.65
32652,290.56,-8.88,-0.5,-69.44,-8.92,-0.55
32674,289.81,-8.88,-0.69,-70.24,-8.88,-0.87
32694,289,-8.75,-0.94,-71.07,-8.79,-1.13
32716,288.44,-8.69,-1.25,-71.61,-8.75,-1.47
32738,287.62,-8.63,-1.62,-72.5,-8.57,-1.91
32757,287.19,-8.44,-2.12,-72.95,-8.41,-2.38
32782,286.44,-8.25,-2.56,-74.12,-8.18,-2.85
32801,285.75,-8.06,-3.25,-74.64,-7.98,-3.28
32824,285.19,-7.81,-3.5,-75.34,-7.81,-3.63
32844,284.19,-7.62,-3.62,-76.04,-7.68,-3.67
32866,283.81,-7.56,-3.62,-76.41,-7.6,-3.6
32889,283.12,-7.5,-3.44,-77.47,-7.58,-3.28
32908,282.81,-7.62,-3,-77.38,-7.77,-2.76
32932,282.19,-7.87,-2.37,-78.24,-8.1,-2.03
32952,281.62,-8.5,-1.19,-78.47,-8.52,-1.2
32975,281.31,-8.94,-0.44,-79.01,-8.98,-0.18
32994,280.37,-9.38,0,-79.58,-9.4,0.07
33016,280,-9.69,0.31,-79.97,-9.74,0.52
33038,279.31,-10,0.69,-80.62,-10.16,0.85
33057,278.69,-10.25,0.94,-81.18,-10.33,0.99
33081,277.87,-10.44,0.94,-82.42,-10.49,0.88
33101,277.06,-10.5,0.75,-82.97,-10.53,0.65
33125,276.5,-10.5,0.37,-83.86,-10.56,0.35
33144,275.19,-10.56,0.19,-84.78,-10.59,0.25
33166,274.25,-10.56,0.13,-85.71,-10.62,0.18
33189,273.25,-10.63,0.19,-86.7,-10.66,0.34
33209,272.37,-10.63,0.44,-88.04,-10.66,0.62
33233,271.44,-10.63,0.75,-88.85,-10.64,0.86
33253,270.37,-10.5,0.94,-89.51,-10.56,0.95
33276,269.62,-10.44,0.81,-90.29,-10.44,0.78
33295,268.81,-10.31,0.69,-91.08,-10.33,0.74
33317,268.12,-10.19,0.5,-91.82,-10.26,0.41
33339,267.31,-10.13,0.25,-92.63,-10.07,0.1
33358,266.62,-9.94,-0.06,-93.36,-10.07,-0.25
33382,265.87,-9.88,-0.44,-94.52,-9.85,-0.64
33402,265.12,-9.81,-0.94,-95.21,-9.77,-1
33425,264.56,-9.63,-1.25,-95.84,-9.67,-1.3
33445,263.69,-9.5,-1.44,-96.4,-9.56,-1.44
33467,263.25,-9.44,-1.37,-96.82,-9.47,-1.3
33490,262.75,-9.38,-1.19,-97.5,-9.41,-1.06
33510,262.37,-9.38,-0.88,-97.89,-9.41,-0.78
33534,261.94,-9.38,-0.62,-98.27,-9.45,-0.47
33554,261.5,-9.44,-0.06,-98.64,-9.47,-0.12
33577,260.94,-9.38,0.13,-99.03,-9.43,0.27
33596,260.5,-9.31,0.31,-99.43,-9.36,0.39
33618,260.12,-9.25,0.37,-99.81,-9.29,0.36
33640,259.69,-9.13,0.25,-100.26,-9.12,0.14
33659,259.37,-9.06,0,-100.58,-9.12,-0.06
33683,258.94,-8.94,-0.13,-101.31,-8.96,-0.36
33703,258.37,-8.88,-0.56,-101.78,-8.9,-0.83
33727,258,-8.88,-1.25,-102.37,-8.88,-1.37
33746,257.19,-8.88,-1.56,-102.88,-8.92,-1.62
33768,256.87,-8.94,-1.62,-103.21,-8.98,-1.56
33791,256.62,-9.06,-1.37,-103.62,-9.11,-1.23
33810,256.31,-9.13,-1,-103.76,-9.2,-0.84
33835,255.94,-9.25,-0.62,-104.23,-9.33,-0.52
33854,255.62,-9.38,-0.25,-104.45,-9.46,-0.28
33877,255.44,-9.5,0,-104.61,-9.54,0.27
33897,255.12,-9.56,0.5,-104.77,-9.59,0.65
33919,255,-9.56,1.19,-104.88,-9.62,1.37
33941,254.75,-9.44,1.5,-105.1,-9.43,1.76
33960,254.5,-9.38,2.06,-105.31,-9.43,2.46
33984,254.06,-9.38,2.75,-105.84,-9.37,3.01
34004,253.62,-9.31,3.25,-106.3,-9.32,3.25
34027,253.19,-9.25,3.19,-106.78,-9.26,3.2
34047,252.44,-9.13,3.19,-107.31,-9.13,3.23
34069,252,-8.88,3,-107.71,-8.94,2.92
34092,251.5,-8.69,2.75,-108.52,-8.56,2.66
34113,251.06,-8.38,2.56,-108.95,-8.3,2.5
34136,250.5,-8.13,2.44,-109.53,-8.06,2.46
34156,249.94,-7.81,2.44,-109.84,-7.85,2.47
34178,249.56,-7.56,2.56,-110.26,-7.58,2.61
34198,249.19,-7.31,2.62,-110.64,-7.35,2.72
34220,248.81,-7.25,2.69,-110.97,-7.27,2.69
34242,248.44,-7.25,2.62,-111.36,-7.26,2.65
34261,248.06,-7.19,2.62,-111.74,-7.22,2.62
34285,247.69,-7.19,2.5,-112.24,-7.22,2.44
34305,247.37,-7.25,2.12,-112.63,-7.31,2.18
34328,247,-7.37,2,-112.97,-7.39,1.97
34348,246.56,-7.44,1.94,-113.3,-7.44,1.95
34369,246.25,-7.44,1.94,-113.61,-7.47,2.02
34391,245.87,-7.44,2,-113.94,-7.5,2.11
34410,245.56,-7.5,2.12,-114.29,-7.53,2.17
34435,245.12,-7.5,2.12,-114.83,-7.57,2.16
34454,244.69,-7.56,2.06,-115.24,-7.63,2.06
34477,244.37,-7.62,1.81,-115.69,-7.69,1.87
34497,243.75,-7.56,1.62,-116.14,-7.6,1.62
34519,243.31,-7.62,1.25,-116.56,-7.66,1.14
34541,242.87,-7.69,1,-117,-7.79,0.95
34560,242.5,-7.75,0.88,-117.4,-7.8,0.89
34584,242.19,-7.87,0.88,-117.79,-7.96,0.96
34603,241.94,-7.94,1,-117.98,-8.01,1.12
34627,241.75,-8,1.19,-118.25,-8,1.28
34647,241.31,-7.94,1.31,-118.59,-7.95,1.34
34669,240.81,-7.87,1.25,-119.03,-7.92,1.19
34692,240.25,-7.94,1,-119.63,-7.99,0.81
34711,239.62,-7.87,0.37,-120.29,-8.06,0.11
34735,239,-7.87,-0.13,-121.16,-7.9,-0.34
34755,238.37,-7.87,-0.44,-121.99,-7.85,-0.56
34779,237.69,-7.81,-0.56,-122.69,-7.79,-0.57
34798,236.56,-7.69,-0.56,-123.44,-7.71,-0.61
34820,235.75,-7.56,-0.56,-124.25,-7.63,-0.62
34842,235,-7.5,-0.56,-124.99,-7.52,-0.53
34861,234.31,-7.44,-0.44,-125.69,-7.49,-0.35
34884,233.75,-7.31,-0.19,-126.26,-7.2,0
34904,233.12,-7.12,0.25,-126.97,-7.1,0.53
34928,232.56,-7,0.69,-127.53,-6.97,0.82
34948,232,-6.75,0.94,-127.91,-6.77,0.94
34970,231.62,-6.5,1,-128.32,-6.53,1.03
34993,231.12,-6.25,1.06,-128.76,-6.17,1.15
35012,230.62,-6.06,1.19,-129.26,-6.06,1.2
35036,230.12,-6,1.12,-129.88,-6.06,1.06
35056,229.62,-6.06,0.94,-130.51,-6.18,0.81
35080,229.19,-6.19,0.56,-131,-6.3,0.6
35099,228.44,-6.31,0.5,-131.49,-6.37,0.55
35120,227.94,-6.37,0.5,-131.99,-6.44,0.54
35143,227.44,-6.56,0.5,-132.52,-6.7,0.39
35163,226.81,-6.81,0.19,-133.11,-7.03,0.06
35187,226.25,-7.12,-0.06,-133.86,-7.32,-0.31
35207,225.62,-7.44,-0.5,-134.63,-7.65,-0.71
35230,225.12,-7.94,-1,-135.16,-7.97,-1.1
35250,224.44,-8.25,-1.25,-135.59,-8.26,-1.31
35272,224.12,-8.44,-1.37,-135.95,-8.48,-1.43
35295,223.81,-8.63,-1.44,-136.32,-8.66,-1.44
35315,223.44,-8.63,-1.37,-136.7,-8.62,-1.31
35339,223.12,-8.5,-1.12,-137.08,-8.41,-0.97
35359,222.62,-8.06,-0.62,-137.42,-8.12,-0.64
35382,222.19,-7.87,-0.44,-137.82,-7.91,-0.37
35401,221.69,-7.81,-0.25,-138.31,-7.85,-0.2
35423,221.12,-7.81,-0.06,-138.88,-7.86,0.02
35446,220.5,-7.87,0.13,-139.54,-7.87,0.31
35466,219.87,-7.81,0.5,-140.2,-7.73,0.74
35490,219.19,-7.62,1,-141.04,-7.53,1.32
35509,218.5,-7.31,1.87,-141.69,-7.33,1.9
35532,217.56,-7.19,2.37,-142.27,-7.2,2.68
35551,216.87,-7.06,3,-142.92,-7.1,3.11
35573,215.75,-6.87,3.62,-144.01,-6.93,3.94
35595,214.94,-6.87,4.12,-144.79,-6.87,4.39
35614,214.19,-6.81,4.62,-145.52,-6.74,4.94
35639,213.37,-6.56,5.12,-146.38,-6.55,5.25
35658,212.56,-6.44,5.25,-147.57,-6.4,5.27
35681,211.69,-6.31,5.06,-148.44,-6.34,5.08
35701,210.37,-6.31,4.5,-149.36,-6.32,4.52
35722,209.44,-6.25,3.69,-150.32,-6.29,3.29
35745,208.56,-6.19,2.87,-151.26,-6.3,2.6
35764,207.81,-6.12,2.31,-152.04,-6.2,2.06
35788,207.19,-6.06,1.87,-152.76,-6.07,1.8
35807,206.62,-6,1.75,-153.27,-5.97,1.84
35830,206.25,-5.87,1.87,-153.8,-5.83,2.01
35850,205.87,-5.69,2.12,-154.12,-5.7,2.17
35871,205.56,-5.62,2.25,-154.48,-5.56,2.26
35894,204.87,-5.31,2.25,-154.98,-5.35,2.26
35913,204.19,-5,2.19,-155.68,-5.04,2.16
35937,203.56,-4.62,2.12,-156.35,-4.49,2.15
35956,202.87,-4.31,2.12,-157.01,-4.23,2.19
35980,202.31,-4.12,2.19,-157.6,-4.12,2.24
36000,201.62,-4.19,2.31,-158.28,-4.2,2.32
36022,201.37,-4.31,2.5,-158.72,-4.37,2.5
36045,200.75,-4.56,2.81,-159.14,-4.67,2.99
36064,200.25,-4.75,3.12,-159.61,-4.79,3.38
36088,199.75,-4.94,3.5,-160.06,-5.01,3.71
36108,199.31,-5,3.81,-160.54,-5.07,3.89
36132,198.69,-5.06,3.81,-161.37,-5.03,3.85
36151,197.87,-4.87,3.62,-161.96,-4.9,3.67
36172,197.25,-4.75,3.31,-162.59,-4.76,3.37
36194,196.69,-4.56,3,-163.18,-4.61,2.87
36213,196.06,-4.5,2.69,-163.79,-4.5,2.62
36236,195.44,-4.44,2.56,-164.44,-4.51,2.6
36255,194.81,-4.5,2.62,-165.07,-4.62,2.76
36277,194.19,-4.62,2.81,-165.66,-4.71,2.95
36299,193.62,-4.81,3.12,-166.23,-5.05,3.42
36319,193,-5.19,3.69,-166.79,-5.42,3.99
36342,192.37,-5.56,4.25,-167.64,-5.79,4.64
36362,191.44,-6.12,5.31,-168.25,-6.16,5.33
36385,190.81,-6.44,5.94,-168.84,-6.49,6.24
36404,190.12,-6.69,6.44,-169.46,-6.72,6.69
36426,189.31,-6.81,6.87,-170.26,-6.75,6.95
36448,188.56,-6.62,7,-171.02,-6.51,7.03
36467,187.69,-6.44,7.06,-171.87,-6.42,7.18
36491,186.81,-6.31,7.19,-172.75,-6.27,7.23
36511,185.94,-6.06,7.25,-174.09,-6.09,7.27
36534,185.06,-5.87,7.25,-174.95,-5.94,7.31
36553,183.81,-5.81,7.31,-175.78,-5.84,7.37
36574,183,-5.69,7.44,-176.61,-5.75,7.54
36597,182.12,-5.62,7.62,-177.45,-5.66,7.73
36616,181.25,-5.56,7.75,-178.33,-5.63,7.88
36639,180.5,-5.56,7.94,-179.07,-5.53,7.99
36659,179.81,-5.44,8,-179.76,-5.42,8.1
36682,179.06,-5.31,8.13,179.09,-5.29,8.16
36702,178.31,-5.12,8.06,178.37,-5.15,8.12
36721,177.62,-5.06,7.94,177.65,-5.05,7.97
36744,176.94,-4.94,7.87,177,-4.97,7.91
36764,176.06,-4.87,7.87,176.44,-4.91,7.89
36787,175.62,-4.81,7.87,175.98,-4.87,7.91
36806,175.19,-4.81,7.87,175.56,-4.84,7.91
36828,174.75,-4.75,7.87,175.08,-4.75,7.88
36850,174.19,-4.69,7.81,174.54,-4.7,7.83
36872,173.62,-4.62,7.75,173.96,-4.68,7.72
36894,173.06,-4.62,7.5,173.18,-4.68,7.56
36914,172.31,-4.56,7.37,172.68,-4.61,7.4
36936,171.94,-4.44,7.19,172.23,-4.48,7.12
36956,171.56,-4.37,6.94,171.84,-4.38,6.84
36979,171.12,-4.31,6.69,171.42,-4.31,6.6
37000,170.69,-4.25,6.44,170.99,-4.27,6.41
37024,170.31,-4.19,6.31,170.35,-4.18,6.32
37045,169.75,-4.12,6.19,169.98,-4.14,6.2
37065,169.37,-4.19,6.12,169.64,-4.2,6.18
37087,169.06,-4.25,6.06,169.33,-4.29,6
37107,168.69,-4.31,5.87,168.97,-4.34,5.77
37130,168.31,-4.37,5.62,168.56,-4.42,5.49
37152,167.87,-4.37,5.31,167.81,-4.42,5.13
37173,167.31,-4.37,4.87,167.51,-4.37,4.72
37195,166.69,-4.25,4.25,166.61,-4.29,4.31
37214,165.81,-4.19,3.87,165.98,-4.21,3.9
37237,165.19,-4.19,3.56,165.36,-4.21,3.52
37256,164.56,-4.19,3.44,164.73,-4.22,3.43
37277,163.94,-4.19,3.37,164.11,-4.22,3.42
37299,163.37,-4.19,3.37,163.54,-4.29,3.45
37319,162.75,-4.25,3.5,162.93,-4.34,3.6
37343,162.06,-4.31,3.69,162.23,-4.37,3.83
37363,161.37,-4.31,4.12,161.18,-4.36,4.13
37386,160.62,-4.25,4.31,160.43,-4.27,4.34
37405,159.44,-4.12,4.56,159.64,-4.17,4.59
37428,158.56,-4.06,4.81,158.77,-4.08,4.99
37450,157.69,-4,5.06,157.9,-3.95,5.09
37469,156.75,-3.87,5.12,156.94,-3.83,5.22
37494,155.75,-3.69,5.25,155.91,-3.59,5.38
37513,154.87,-3.44,5.56,154.63,-3.34,5.59
37536,154,-3.06,5.81,153.82,-3.1,5.86
37556,152.87,-2.94,6.19,153.04,-2.97,6.25
37578,151.94,-2.87,6.62,152.13,-2.93,6.91
37601,151.12,-2.94,7.12,151.24,-2.98,7.36
37621,150.31,-2.94,7.56,150.44,-2.98,7.79
37645,149.5,-2.94,7.94,149.4,-2.88,8.13
37665,148.44,-2.69,8.31,148.67,-2.71,8.34
37688,147.75,-2.5,8.31,147.94,-2.5,8.33
37707,146.94,-2.25,8.19,147.15,-2.3,8.05
37729,146.12,-2.06,7.87,146.28,-1.99,7.71
37751,145.19,-1.94,7.5,145.27,-1.89,7.38
37772,144.37,-1.81,7.19,144.42,-1.84,7.08
37795,143.62,-1.81,6.94,143.39,-1.85,6.85
37815,142.56,-1.87,6.69,142.69,-1.93,6.72
37837,142.19,-2,6.62,141.95,-2.04,6.67
37857,140.94,-2.12,6.69,141.12,-2.18,6.66
37879,140.06,-2.31,6.62,140.23,-2.37,6.59
37902,139.12,-2.37,6.5,139.11,-2.44,6.42
37922,138.12,-2.44,6.25,138.12,-2.43,6.17
37946,137.12,-2.31,5.94,136.79,-2.32,5.8
37966,135.56,-2.19,5.44,135.7,-2.2,5.5
37989,134.44,-2.06,5.25,134.58,-2.08,5.25
38008,133.37,-1.94,5.19,133.51,-1.99,5.19
38030,132.44,-1.87,5.19,132.55,-1.85,5.19
38053,131.44,-1.75,5.12,131.28,-1.67,5.14
38073,130.44,-1.56,5.06,130.26,-1.45,5.02
38096,129.31,-1.31,4.94,128.81,-1.21,4.89
38116,127.69,-0.94,4.81,127.77,-1,4.82
38138,127.19,-0.75,4.75,126.82,-0.77,4.72
38158,125.87,-0.5,4.69,125.93,-0.52,4.63
38180,125.12,-0.19,4.56,125.17,-0.07,4.6
38203,124.37,0.06,4.56,124.22,0.26,4.53
38222,124.06,0.25,4.44,123.72,0.51,4.42
38246,122.87,0.62,4.37,122.62,0.74,4.37
38266,122,0.88,4.37,121.51,0.89,4.41
38289,120.62,0.94,4.44,120.62,0.99,4.52
38308,119.75,1,4.56,119.75,1.04,4.61
38330,118.81,0.94,4.62,118.84,0.98,4.68
38352,118,0.88,4.69,118,0.84,4.7
38372,117.25,0.75,4.62,117.23,0.78,4.62
38396,116.37,0.75,4.5,116.14,0.78,4.39
38415,115.62,0.75,4.12,115.34,0.86,4.16
38438,115,1,3.75,114.69,1.02,3.65
38458,114.06,1.12,3.12,114.06,1.19,2.97
38480,113.44,1.31,2.31,113.42,1.36,2.02
38503,112.81,1.44,1.69,112.63,1.5,1.55
38522,112.56,1.44,1.44,112.59,1.43,1.4
38546,112.12,1.31,1.37,111.91,1.2,1.5
38566,111.56,0.81,1.69,111.27,0.87,1.71
38589,110.87,0.44,1.81,110.57,0.45,1.98
38609,109.87,0,1.87,109.93,-0.03,2
38631,109.37,-0.56,1.75,109.4,-0.56,1.74
38653,108.69,-1.06,1.62,108.76,-1.32,1.51
38673,108.25,-1.5,1.25,108.31,-1.77,0.95
38697,107.56,-1.94,0.56,107.34,-2.14,0.18
38717,106.62,-2.37,-0.37,106.64,-2.44,-0.4
38740,105.87,-2.62,-0.56,105.88,-2.64,-0.53
38759,105.12,-2.75,-0.37,105.15,-2.78,-0.3
38781,104.37,-2.87,0,104.38,-2.88,0.27
38803,103.56,-2.94,0.5,103.58,-3.04,0.78
38822,102.81,-3.06,0.94,102.88,-3.2,1.15
38846,102,-3.19,1.19,101.67,-3.22,1.22
38866,101.12,-3.19,1.12,100.81,-3.22,1.19
38890,100.31,-3.06,1.31,99.94,-3.12,1.32
38909,99,-3,1.37,99.07,-3.01,1.41
38931,98.12,-2.81,1.25,98.2,-2.87,1.26
38953,97.25,-2.69,1.19,97.32,-2.62,1.22
38972,96.44,-2.5,1.25,96.51,-2.52,1.35
38996,95.62,-2.31,1.37,95.27,-2.25,1.48
39016,94.75,-2.12,1.44,94.44,-2.11,1.43
39039,93.94,-2.06,1.31,93.56,-2.03,1.31
39059,92.62,-1.81,1.12,92.7,-1.87,1.13
39081,91.75,-1.75,0.81,91.82,-1.78,0.74
39103,90.87,-1.75,0.62,90.91,-1.76,0.54
39122,89.94,-1.81,0.44,89.97,-1.85,0.4
39147,88.94,-1.87,0.31,88.44,-1.93,0.29
39166,87.87,-1.94,0.25,87.38,-1.89,0.26
39190,86.81,-1.87,0.25,86.34,-1.91,0.27
39209,85.25,-1.87,0.19,85.29,-1.88,0.22
39231,84.25,-1.69,0,84.3,-1.7,-0.04
39254,83.25,-1.5,-0.06,83.29,-1.4,-0.12
39273,82.25,-1.25,-0.13,82.3,-1.22,-0.15
39297,81.25,-1,-0.13,80.76,-0.9,-0.19
39317,80.31,-0.75,-0.19,79.85,-0.65,-0.3
39341,79.37,-0.5,-0.37,78.98,-0.45,-0.44
39360,78.12,-0.31,-0.37,78.16,-0.32,-0.42
39382,77.37,-0.25,-0.37,77.4,-0.27,-0.41
39405,76.62,-0.25,-0.37,76.67,-0.24,-0.38
39424,76.12,-0.19,-0.31,76.12,-0.25,-0.31
39448,75.44,-0.25,-0.25,75.13,-0.29,-0.25
39467,74.81,-0.25,-0.19,74.64,-0.37,-0.17
39491,74.31,-0.44,-0.06,74.03,-0.51,-0.1
39510,73.37,-0.56,0,73.42,-0.62,-0.05
39532,72.87,-0.75,0,72.91,-0.78,0.01
39554,72.19,-1,0,72.2,-1.06,0
39573,71.44,-1.25,0,71.49,-1.29,0.05
39597,70.56,-1.5,0.06,70.09,-1.65,0.21
39616,69.62,-1.75,0.31,69.67,-1.83,0.54
39640,68.62,-1.81,0.75,68.15,-1.91,1.02
39660,67,-1.94,1.44,67.09,-1.97,1.45
39682,66.5,-1.94,1.69,66,-1.97,1.79
39705,65,-1.94,1.69,65.04,-1.98,1.55
39724,64.19,-1.94,1.31,64.23,-1.99,1.15
39748,63.44,-2,0.88,63.05,-2.07,0.6
39768,62.69,-2.06,0.25,62.38,-2.17,-0.04
39792,62,-2.19,-0.5,61.66,-2.27,-0.63
39811,60.94,-2.31,-0.69,60.93,-2.37,-0.74
39833,60.19,-2.44,-0.5,60.21,-2.46,-0.36
39855,59.44,-2.56,-0.13,59.45,-2.69,0.09
39874,58.69,-2.69,0.25,58.7,-2.69,0.5
39898,57.88,-2.81,0.62,57.47,-2.88,0.84
39918,57.06,-2.94,0.94,56.71,-2.89,1.06
39942,56.31,-2.87,1.06,55.98,-2.96,1.13
39961,55.13,-3.06,1.12,55.2,-3.11,1.17
39983,54.38,-3.25,1.19,54.44,-3.27,1.17
40006,53.69,-3.37,1.06,53.74,-3.4,1.01
40025,53,-3.37,0.88,53.08,-3.38,0.82
40050,52.38,-3.44,0.69,52.05,-3.46,0.7
40069,51.69,-3.44,0.62,51.43,-3.42,0.68
40092,51.06,-3.37,0.56,50.75,-3.29,0.62
40112,50,-3.12,0.44,50.05,-3.18,0.5
40134,49.31,-3.06,0.44,49.33,-3.1,0.49
40156,48.63,-2.94,0.44,48.66,-2.93,0.49
40176,48.06,-2.75,0.5,48.12,-2.65,0.51
40200,47.5,-2.5,0.5,47.28,-2.46,0.48
40220,47,-2.37,0.31,46.82,-2.31,0.37
40243,46.56,-2.19,0.19,46.34,-2.23,0.25
40262,45.81,-2.12,0.19,45.87,-2.15,0.23
40284,45.31,-2,0.31,45.36,-2.04,0.48
40307,44.81,-1.94,0.56,44.85,-1.87,0.74
40326,44.25,-1.81,0.88,44.33,-1.87,1.03
40350,43.69,-1.69,1.12,43.4,-1.65,1.33
40370,43.06,-1.56,1.62,42.82,-1.52,1.66
40394,42.44,-1.44,1.94,42.23,-1.41,2.07
40413,41.63,-1.31,2.19,41.68,-1.35,2.2
40435,41.06,-1.31,2.37,41.15,-1.35,2.55
40457,40.63,-1.31,2.62,40.66,-1.41,2.78
40476,40.19,-1.31,2.87,40.25,-1.36,2.99
40500,39.81,-1.31,3.06,39.69,-1.36,3.17
40520,39.5,-1.37,3.19,39.41,-1.45,3.16
40544,39.25,-1.5,2.81,39.22,-1.53,2.66
40563,39.06,-1.44,2.5,39.12,-1.48,2.51
40585,39,-1.44,2.19,39.03,-1.45,2.12
40608,38.88,-1.44,2,38.91,-1.49,1.91
40627,38.75,-1.5,1.81,38.78,-1.54,1.81
40651,38.56,-1.69,1.81,38.47,-1.82,1.92
40671,38.31,-1.87,2,38.24,-1.98,2.2
40695,38.06,-2,2.56,38.02,-2.05,2.79
40714,37.75,-2.06,3,37.83,-2.1,3.03
40736,37.56,-2.19,3.31,37.67,-2.19,3.5
40759,37.38,-2.25,3.56,37.36,-2.37,3.71
40779,37.13,-2.37,3.75,37.1,-2.44,3.71
40804,36.88,-2.37,3.56,36.88,-2.34,3.44
40823,36.75,-2.25,3.06,36.83,-2.31,3.07
40846,36.63,-2.25,2.44,36.72,-2.29,2.19
40865,36.44,-2.25,1.87,36.54,-2.3,1.74
40887,36.19,-2.25,1.56,36.24,-2.28,1.57
40910,35.81,-2.25,1.62,35.6,-2.29,1.77
40931,35.31,-2.25,1.94,35.11,-2.25,2.16
40954,34.81,-2.19,2.37,34.6,-2.17,2.63
40974,34,-2.06,2.94,34.11,-2.07,2.97
40997,33.63,-1.94,3,33.68,-1.99,3.06
41016,33.25,-1.94,3,33.33,-1.98,3.01
41038,32.94,-2,2.94,33,-2.03,2.88
41060,32.69,-2.06,2.75,32.6,-2.16,2.72
41081,32.38,-2.19,2.62,32.29,-2.3,2.63
41105,32.06,-2.31,2.56,31.95,-2.4,2.6
41124,31.5,-2.44,2.56,31.6,-2.46,2.58
41147,31.12,-2.5,2.5,31.24,-2.51,2.54
41166,30.81,-2.56,2.5,30.88,-2.59,2.52
41188,30.44,-2.69,2.5,30.55,-2.74,2.51
41211,30.06,-2.94,2.5,29.92,-3.08,2.57
41230,29.56,-3.19,2.56,29.38,-3.36,2.67
41255,29,-3.5,2.75,28.77,-3.68,2.88
41274,28,-4,3.19,28.13,-4.01,3.19
41297,27.31,-4.25,3.5,27.47,-4.31,3.73
41316,26.62,-4.56,3.87,26.84,-4.59,4.1
41338,26,-4.87,4.19,26.21,-4.88,4.34
41360,25.37,-5.12,4.37,25.61,-5.21,4.42
41380,24.81,-5.19,4.31,25.03,-5.22,4.23
41405,24.25,-5.12,4,24.22,-5.09,3.81
41424,23.56,-4.81,3.19,23.71,-4.83,3.2
41447,23.31,-4.5,2.5,23.23,-4.52,2.27
41466,22.69,-4.25,2.06,22.77,-4.28,2
41488,22.19,-4.19,1.87,22.31,-4.22,1.97
41511,21.69,-4.44,2.06,21.52,-4.66,2.2
41530,21,-4.87,2.31,21.15,-5.08,2.48
41554,20.5,-5.25,2.56,20.37,-5.43,2.65
41574,20,-5.62,2.62,20,-5.66,2.64
41597,19.69,-5.69,2.31,19.68,-5.69,2.13
41617,19.31,-5.5,1.81,19.41,-5.55,1.54
41639,19.12,-5.25,1.25,19.18,-5.28,0.97
41662,18.94,-5,0.69,18.94,-4.89,0.53
41683,18.81,-4.75,0.37,18.74,-4.77,0.33
41707,18.56,-4.75,0.31,18.46,-4.81,0.37
41726,17.94,-4.94,0.62,18.01,-5,0.64
41749,17.56,-5.25,1,17.61,-5.28,1.2
41768,17.12,-5.56,1.31,17.2,-5.6,1.47
41790,16.75,-5.81,1.5,16.83,-5.91,1.49
41813,16.44,-5.94,1.37,16.37,-5.95,1.26
41832,16.12,-5.87,1.06,16.12,-5.83,0.87
41857,15.94,-5.69,0.62,15.86,-5.64,0.42
41876,15.63,-5.5,0,15.64,-5.5,0.01
41899,15.38,-5.44,-0.25,15.38,-5.45,-0.33
41918,15.06,-5.44,-0.37,15.1,-5.45,-0.46
41940,14.75,-5.37,-0.5,14.77,-5.41,-0.63
41962,14.44,-5.31,-0.69,14.42,-5.25,-0.9
41981,14.06,-5.19,-1.06,14.02,-5.13,-1.3
42005,13.69,-5.06,-1.5,13.46,-5.04,-1.73
42025,13.31,-5,-2,13.07,-5.02,-2.01
42048,12.94,-5,-2.06,12.66,-5.04,-2.06
42068,12.31,-5.06,-2,12.26,-5.1,-1.95
42090,11.81,-5.12,-1.87,11.74,-5.13,-1.85
42113,11.38,-5.12,-1.75,11.08,-5.18,-1.78
42133,10.94,-5.06,-1.81,10.63,-5.12,-1.85
42157,10.44,-5.06,-1.81,10.13,-5.1,-1.9
42177,9.69,-5,-2,9.63,-5,-2.03
42200,9.19,-4.81,-2.12,9.14,-4.85,-2.18
42219,8.69,-4.62,-2.19,8.64,-4.65,-2.22
42241,8.13,-4.44,-2.19,8.08,-4.45,-2.23
42264,7.56,-4.25,-2.19,7.18,-4.19,-2.27
42284,6.94,-4.06,-2.25,6.6,-4.05,-2.32
42308,6.37,-3.94,-2.31,6.02,-3.9,-2.38
42327,5.44,-3.75,-2.44,5.4,-3.78,-2.46
42349,5.12,-3.62,-2.56,4.75,-3.65,-2.68
42369,4.19,-3.44,-2.75,4.14,-3.48,-2.85
42391,3.62,-3.25,-2.87,3.57,-3.31,-2.98
42414,3.06,-3.12,-3,2.69,-3.09,-3.07
42433,2.44,-3,-3.06,2.13,-3.02,-3.11
42457,1.94,-2.87,-3.06,1.59,-2.91,-3.06
42477,1.12,-2.81,-2.94,1.09,-2.85,-2.95
42500,0.62,-2.81,-2.81,0.57,-2.81,-2.8
42519,0,-2.75,-2.75,-0.01,-2.79,-2.78
42541,359.37,-2.75,-2.75,-0.64,-2.81,-2.85
42563,358.81,-2.81,-2.87,-1.25,-2.85,-2.92
42582,358.25,-2.87,-2.94,-1.81,-2.9,-3.01
42606,357.69,-2.94,-3,-2.67,-2.97,-3.07
42626,357.06,-3,-3.06,-3.32,-3.05,-3.19
42649,356.37,-3.12,-3.31,-4.04,-3.18,-3.37
42669,355.31,-3.25,-3.37,-4.76,-3.31,-3.41
42691,354.56,-3.44,-3.5,-5.5,-3.46,-3.57
42714,353.94,-3.56,-3.56,-6.49,-3.67,-3.68
42734,353.25,-3.69,-3.69,-7.16,-3.82,-3.79
42759,352.62,-3.87,-3.81,-7.84,-3.9,-3.92
42778,351.56,-4,-4,-8.53,-4.04,-4.03
42801,351.06,-4.12,-4.06,-9.08,-4.18,-4.08
42820,350.5,-4.25,-4,-9.6,-4.28,-4.03
42842,350,-4.31,-4,-10.12,-4.34,-4.01
42865,349.5,-4.25,-4,-10.85,-4.26,-4.03
42886,349,-4.19,-4,-11.31,-4.22,-4.02
42910,348.62,-4.19,-3.94,-11.69,-4.22,-3.95
42930,348.06,-4.12,-3.87,-12.04,-4.17,-3.91
42952,347.75,-4,-3.87,-12.35,-4.05,-3.88
42972,347.5,-3.87,-3.81,-12.61,-3.93,-3.83
42994,347.19,-3.87,-3.75,-12.88,-3.89,-3.74
43016,347,-3.87,-3.69,-13.21,-3.9,-3.78
43037,346.75,-3.94,-3.75,-13.45,-4.02,-3.82
43061,346.5,-4.12,-3.81,-13.7,-4.31,-3.89
43080,346.12,-4.75,-3.87,-14.01,-4.8,-3.91
43103,345.94,-5.44,-4.06,-14.22,-5.45,-4.2
43122,345.75,-6.19,-4.31,-14.44,-6.19,-4.43
43144,345.62,-7,-4.5,-14.65,-7.41,-4.61
43167,345.37,-7.75,-4.62,-15.01,-8.14,-4.64
43187,345.19,-8.44,-4.56,-15.24,-8.75,-4.57
43210,344.94,-9,-4.5,-15.49,-9.26,-4.47
43230,344.56,-9.56,-4.25,-15.78,-9.6,-4.3
43253,344.19,-9.69,-3.87,-16.13,-9.76,-3.69
43272,343.75,-9.63,-3.37,-16.52,-9.64,-3.04
43294,343.25,-9.25,-2.62,-16.93,-9.04,-2.22
43317,342.81,-8.75,-1.75,-17.48,-8.47,-1.43
43337,342.44,-8.19,-1.12,-17.73,-7.94,-0.98
43361,342.25,-7.69,-0.88,-17.77,-7.54,-0.91
43380,342.31,-7.25,-1.06,-17.71,-7.26,-1.09
43403,342.56,-6.94,-1.31,-17.47,-6.98,-1.42
43422,342.75,-6.69,-1.44,-17.28,-6.73,-1.52
43444,342.81,-6.5,-1.5,-17.23,-6.54,-1.48
43466,342.69,-6.37,-1.37,-17.34,-6.29,-1.34
43485,342.37,-6.12,-1.25,-17.65,-6.08,-1.2
43509,341.94,-5.94,-1.12,-18.33,-5.89,-1.11
43529,341.5,-5.75,-1.06,-18.78,-5.78,-1.07
43552,341.06,-5.75,-1.12,-19.15,-5.78,-1.33
43572,340.56,-5.81,-1.5,-19.46,-5.86,-1.81
43594,340.19,-6,-2.06,-19.87,-6.01,-2.43
43617,340,-6.19,-2.69,-20.22,-6.29,-3.03
43636,339.75,-6.37,-3.25,-20.41,-6.51,-3.5
43661,339.56,-6.56,-3.69,-20.7,-6.7,-3.89
43680,339.44,-6.81,-4,-20.97,-6.84,-4.03
43703,339,-6.94,-4,-21.19,-6.94,-4
43722,338.81,-6.94,-3.94,-21.4,-6.96,-3.94
43744,338.62,-6.87,-3.87,-21.59,-6.93,-3.94
43766,338.56,-6.81,-3.94,-21.67,-6.84,-3.95
43786,338.5,-6.81,-3.87,-21.72,-6.79,-3.88
43810,338.5,-6.75,-3.81,-21.67,-6.71,-3.79
43830,338.56,-6.56,-3.69,-21.67,-6.59,-3.69
43853,338.5,-6.31,-3.5,-21.66,-6.37,-3.42
43873,338.5,-6,-3.31,-21.67,-6.03,-3.21
43895,338.25,-5.62,-3.12,-21.86,-5.65,-3.15
43918,338.19,-5.31,-3.06,-21.93,-5.21,-3.11
43937,338.19,-5.06,-3.06,-21.97,-4.95,-3.05
43961,338.12,-4.75,-3,-22.02,-4.66,-2.97
43981,338,-4.37,-2.87,-22.07,-4.4,-2.91
44004,338,-4.12,-2.87,-22.07,-4.12,-2.9
44023,338,-3.81,-2.94,-22.04,-3.85,-2.94
44044,338.06,-3.62,-2.94,-21.98,-3.64,-2.97
44067,338.19,-3.5,-2.87,-21.86,-3.56,-2.88
44086,338.25,-3.56,-2.75,-21.8,-3.54,-2.68
44110,338.31,-3.56,-2.5,-21.69,-3.64,-2.4
44130,338.37,-3.62,-2.19,-21.7,-3.68,-2.09
44153,338.37,-3.69,-1.75,-21.68,-3.72,-1.7
44173,338.37,-3.75,-1.56,-21.63,-3.76,-1.61
44195,338.44,-3.75,-1.5,-21.57,-3.77,-1.55
44218,338.5,-3.69,-1.5,-21.51,-3.7,-1.58
44238,338.5,-3.62,-1.56,-21.54,-3.6,-1.63
44262,338.5,-3.5,-1.69,-21.46,-3.39,-1.76
44281,338.62,-3.25,-1.87,-21.42,-3.23,-1.93
44304,338.62,-3.06,-1.94,-21.36,-3.08,-1.96
44324,338.69,-3,-1.87,-21.31,-3.01,-1.85
44346,338.69,-3,-1.75,-21.35,-3.02,-1.73
44369,338.62,-3.06,-1.69,-21.41,-3.14,-1.68
44388,338.56,-3.19,-1.62,-21.44,-3.3,-1.54
44412,338.56,-3.37,-1.37,-21.49,-3.51,-1.33
44432,338.5,-3.69,-1.19,-21.47,-3.73,-1.19
44455,338.56,-3.94,-1.06,-21.4,-3.96,-1.02
44474,338.75,-4.12,-0.94,-21.27,-4.18,-0.95
44496,338.87,-4.37,-0.81,-21.14,-4.44,-0.79
44518,339,-4.69,-0.69,-20.98,-4.86,-0.59
44537,339.12,-4.94,-0.44,-20.89,-4.98,-0.4
44561,339.19,-5.19,-0.31,-20.72,-5.35,-0.25
44581,339.31,-5.44,-0.19,-20.67,-5.56,-0.18
44604,339.37,-5.62,-0.13,-20.57,-5.73,-0.14
44624,339.5,-5.81,-0.13,-20.49,-5.84,-0.15
44645,339.5,-5.81,-0.19,-20.49,-5.86,-0.23
44668,339.5,-5.75,-0.19,-20.5,-5.8,-0.25
44687,339.44,-5.62,-0.25,-20.53,-5.67,-0.27
44711,339.37,-5.5,-0.25,-20.63,-5.45,-0.38
44731,339.31,-5.37,-0.44,-20.81,-5.33,-0.57
44755,339.12,-5.25,-0.75,-20.92,-5.23,-0.75
44774,339,-5.12,-0.88,-21.03,-5.15,-0.89
44796,338.69,-5.06,-1,-21.33,-5.11,-1.09
44818,338.56,-5.06,-1.12,-21.47,-5.07,-1.21
44837,338.25,-5.06,-1.19,-21.76,-5.11,-1.21
44861,338.12,-5.12,-1.19,-21.92,-5.19,-1.2
44881,338.06,-5.19,-1.19,-22.09,-5.26,-1.2
44905,337.87,-5.25,-1.19,-22.17,-5.37,-1.19
44924,337.81,-5.5,-1.19,-22.21,-5.51,-1.24
44945,337.81,-5.62,-1.25,-22.25,-5.68,-1.3
44968,337.75,-5.87,-1.25,-22.28,-5.91,-1.3
44987,337.75,-6.06,-1.25,-22.31,-6.11,-1.27
45011,337.62,-6.19,-1.19,-22.41,-6.25,-1.23
45030,337.5,-6.19,-1.19,-22.54,-6.16,-1.27
45054,337.31,-6.06,-1.31,-22.86,-6.01,-1.4
45074,336.94,-5.87,-1.5,-23.12,-5.91,-1.56
45097,336.81,-5.94,-1.75,-23.38,-5.95,-1.95
45119,336.5,-6.06,-2.12,-23.59,-6.13,-2.32
45138,336.31,-6.19,-2.5,-23.79,-6.2,-2.68
45163,336.12,-6.19,-2.87,-24.16,-6.25,-3.09
45182,335.81,-6.25,-3.25,-24.48,-6.27,-3.49
45206,335.56,-6.25,-3.81,-24.78,-6.33,-3.82
45225,335.12,-6.37,-4,-25.04,-6.4,-4.04
45247,334.94,-6.44,-4.06,-25.23,-6.45,-4.11
45270,334.81,-6.44,-4.06,-25.36,-6.47,-4.01
45289,334.75,-6.44,-3.94,-25.46,-6.44,-3.99
45313,334.56,-6.25,-4,-25.72,-6.18,-4.07
45333,334.37,-6,-4.12,-25.91,-5.86,-4.29
45357,334.19,-5.62,-4.56,-26.14,-5.41,-4.72
45376,333.81,-4.81,-5,-26.34,-4.83,-5.04
45399,333.69,-4.12,-5.62,-26.49,-4.16,-5.99
45421,333.62,-3.37,-6.25,-26.55,-3,-6.53
45440,333.56,-2.62,-6.62,-26.58,-2.32,-6.68
45465,333.62,-2.06,-6.62,-26.41,-1.95,-6.56
45484,333.69,-1.87,-6.25,-26.34,-1.98,-6.29
45507,333.75,-2.12,-6,-26.36,-2.18,-5.98
45527,333.62,-2.31,-5.81,-26.44,-2.34,-5.83
45549,333.62,-2.31,-5.75,-26.45,-2.34,-5.74
45572,333.62,-2.19,-5.62,-26.44,-2.13,-5.58
45591,333.62,-2,-5.5,-26.42,-1.99,-5.42
45615,333.69,-1.87,-5.31,-26.38,-1.88,-5.19
45635,333.69,-1.75,-4.87,-26.37,-1.79,-4.91
45658,333.69,-1.69,-4.56,-26.37,-1.71,-4.42
45678,333.69,-1.56,-4.19,-26.36,-1.6,-4.04
45700,333.62,-1.37,-3.81,-26.36,-1.39,-3.75
45723,333.62,-1.25,-3.62,-26.38,-1.23,-3.58
45743,333.62,-1.12,-3.5,-26.37,-1.14,-3.38
45767,333.62,-1.06,-3.19,-26.36,-0.98,-3.02
45787,333.62,-0.75,-2.56,-26.37,-0.77,-2.61
45810,333.62,-0.5,-2.12,-26.36,-0.53,-1.89
45829,333.62,-0.25,-1.69,-26.37,-0.26,-1.66
45851,333.62,-0.19,-1.62,-26.35,-0.24,-1.74
45874,333.62,-0.25,-1.75,-26.34,-0.33,-1.8
45894,333.62,-0.31,-1.75,-26.34,-0.34,-1.72
45918,333.62,-0.31,-1.62,-26.35,-0.29,-1.68
45937,333.62,-0.25,-1.62,-26.35,-0.29,-1.68
45960,333.62,-0.25,-1.62,-26.35,-0.31,-1.67
45979,333.62,-0.31,-1.69,-26.36,-0.34,-1.74
46002,333.56,-0.31,-1.69,-26.38,-0.33,-1.7
46025,333.56,-0.31,-1.62,-26.38,-0.32,-1.67
46048,333.56,-0.31,-1.62,-26.39,-0.3,-1.7
46070,333.56,-0.25,-1.69,-26.39,-0.27,-1.73
46091,333.56,-0.25,-1.69,-26.39,-0.25,-1.75
46115,333.56,-0.19,-1.69,-26.39,-0.22,-1.74
46136,333.56,-0.19,-1.69,-26.39,-0.19,-1.74
46159,333.56,-0.13,-1.75,-26.39,-0.18,-1.76
46179,333.56,-0.13,-1.75,-26.39,-0.16,-1.77
46202,333.56,-0.13,-1.75,-26.39,-0.15,-1.79
46224,333.56,-0.13,-1.75,-26.39,-0.12,-1.79
46247,333.56,-0.06,-1.75,-26.39,-0.11,-1.8
46270,333.56,-0.06,-1.75,-26.39,-0.08,-1.82
46292,333.5,0,-1.81,-26.45,-0.05,-1.85
46314,333.5,0,-1.81,-26.45,0,-1.88
46334,333.5,0,-1.87,-26.45,0.04,-1.93
46357,333.5,0.06,-1.94,-26.45,0.1,-1.98
46377,333.5,0.06,-2,-26.45,0.14,-2.02
46400,333.44,0.13,-2,-26.5,0.16,-2.05
46422,333.44,0.13,-2,-26.5,0.18,-2.06
46444,333.44,0.19,-2.06,-26.56,0.2,-2.09
46467,333.44,0.19,-2.06,-26.56,0.23,-2.11
46489,333.44,0.19,-2.12,-26.53,0.25,-2.13
46512,333.44,0.25,-2.12,-26.53,0.27,-2.15
46531,333.44,0.25,-2.12,-26.53,0.28,-2.15
46554,333.44,0.25,-2.12,-26.53,0.29,-2.16
46576,333.44,0.25,-2.12,-26.53,0.3,-2.18
46599,333.44,0.25,-2.12,-26.54,0.32,-2.19
46622,333.44,0.31,-2.19,-26.54,0.33,-2.21
46644,333.37,0.31,-2.19,-26.58,0.35,-2.23
46667,333.37,0.31,-2.19,-26.58,0.36,-2.24
46690,333.37,0.31,-2.25,-26.6,0.37,-2.26
46712,333.37,0.37,-2.25,-26.6,0.39,-2.31
46732,333.37,0.37,-2.31,-26.6,0.4,-2.34
46755,333.37,0.37,-2.31,-26.59,0.42,-2.35
46776,333.37,0.37,-2.31,-26.59,0.43,-2.36
46800,333.37,0.37,-2.31,-26.6,0.44,-2.38
46822,333.37,0.44,-2.37,-26.6,0.46,-2.43
46843,333.37,0.44,-2.44,-26.61,0.49,-2.45
46867,333.37,0.44,-2.44,-26.61,0.5,-2.45
46889,333.37,0.5,-2.44,-26.57,0.5,-2.46
46911,333.37,0.5,-2.44,-26.57,0.51,-2.47
46930,333.37,0.5,-2.44,-26.57,0.52,-2.47
46952,333.44,0.5,-2.44,-26.54,0.54,-2.49
46975,333.44,0.5,-2.44,-26.54,0.55,-2.5
46998,333.44,0.5,-2.5,-26.55,0.57,-2.51
47021,333.44,0.56,-2.5,-26.55,0.57,-2.51
47043,333.44,0.56,-2.5,-26.54,0.57,-2.52
47064,333.44,0.56,-2.5,-26.54,0.59,-2.52
47085,333.44,0.56,-2.5,-26.54,0.59,-2.53
47108,333.37,0.56,-2.5,-26.56,0.6,-2.54
47129,333.37,0.56,-2.5,-26.56,0.61,-2.54
47152,333.37,0.56,-2.5,-26.55,0.61,-2.55
47174,333.37,0.56,-2.5,-26.55,0.63,-2.56
47196,333.37,0.62,-2.56,-26.56,0.64,-2.57
47219,333.37,0.62,-2.56,-26.55,0.65,-2.58
47242,333.37,0.62,-2.56,-26.55,0.66,-2.61
47265,333.37,0.62,-2.56,-26.55,0.66,-2.62
47285,333.37,0.62,-2.56,-26.55,0.67,-2.62
47307,333.37,0.62,-2.56,-26.55,0.68,-2.6
47329,333.37,0.69,-2.56,-26.55,0.69,-2.6
47352,333.37,0.69,-2.56,-26.55,0.7,-2.62
47374,333.37,0.69,-2.62,-26.55,0.7,-2.63
47399,333.37,0.69,-2.62,-26.55,0.7,-2.63
47422,333.37,0.69,-2.62,-26.55,0.71,-2.63
47443,333.37,0.69,-2.56,-26.55,0.71,-2.61
