153684,-9.06,10.5,-26.25
153697,-9.06,10.5,-26.25
153709,-9.06,10.5,-26.25
153720,-9.06,10.5,-26.25
153733,-9.75,11.19,-26.25
153747,-9.75,11.19,-26.25
153759,-9.75,11.19,-26.25
153770,-9.75,11.19,-26.25
153783,-9.06,10.88,-25.87
153797,-9.06,10.88,-25.87
153809,-9.06,10.88,-25.87
153820,-9.06,10.88,-25.87
153833,-8.75,10.5,-25.06
153847,-8.75,10.5,-25.06
153859,-8.75,10.5,-25.06
153870,-8.75,10.5,-25.06
153883,-9.5,10.5,-26.69
153896,-9.5,10.5,-26.69
153908,-9.5,10.5,-26.69
153920,-9.5,10.5,-26.69
153933,-9.5,9.75,-25.5
153946,-9.5,9.75,-25.5
153959,-9.5,9.75,-25.5
153970,-9.5,9.75,-25.5
153983,-10.19,10.5,-25.5
153996,-10.19,10.5,-25.5
154009,-10.19,10.5,-25.5
154020,-10.19,10.5,-25.5
154033,-10.19,10.5,-25.5
154046,-10.19,10.5,-25.5
154059,-10.19,10.5,-25.5
154070,-10.19,10.5,-25.5
154082,-9.75,10.88,-25.5
154096,-9.75,10.88,-25.5
154109,-9.75,10.88,-25.5
154120,-9.75,10.88,-25.5
154132,-9.75,10.5,-25.06
154146,-9.75,10.5,-25.06
154159,-9.75,10.5,-25.06
154171,-9.75,10.5,-25.06
154182,-9.75,11.56,-25.5
154196,-9.75,11.56,-25.5
154209,-9.75,11.56,-25.5
154221,-9.75,11.56,-25.5
154232,-9.75,11.19,-25.5
154246,-9.75,11.19,-25.5
154259,-9.75,11.19,-25.5
154271,-9.75,11.19,-25.5
154282,-9.5,9.75,-25.06
154296,-9.5,9.75,-25.06
154309,-9.5,9.75,-25.06
154321,-9.5,9.75,-25.06
154332,-9.75,10.19,-25.5
154346,-9.75,10.19,-25.5
154359,-9.75,10.19,-25.5
154371,-9.75,10.19,-25.5
154382,-9.06,10.19,-25.06
154395,-9.06,10.19,-25.06
154409,-9.06,10.19,-25.06
154421,-9.06,10.19,-25.06
154432,-9.75,10.5,-24.69
154445,-9.75,10.5,-24.69
154459,-9.75,10.5,-24.69
154471,-9.75,10.5,-24.69
154482,-9.75,10.5,-25.87
154495,-9.75,10.5,-25.87
154509,-9.75,10.5,-25.87
154521,-9.75,10.5,-25.87
154532,-9.5,11.19,-27.06
154545,-9.5,11.19,-27.06
154559,-9.5,11.19,-27.06
154571,-9.5,11.19,-27.06
154583,-9.06,10.88,-27.06
154597,-9.06,10.88,-27.06
154610,-9.06,10.88,-27.06
154622,-9.06,10.88,-27.06
154633,-10.19,10.19,-25.06
154647,-10.19,10.19,-25.06
154660,-10.19,10.19,-25.06
154672,-10.19,10.19,-25.06
154683,-9.5,10.19,-26.69
154697,-9.5,10.19,-26.69
154710,-9.5,10.19,-26.69
154722,-9.5,10.19,-26.69
154733,-9.5,9.75,-25.5
154747,-9.5,9.75,-25.5
154760,-9.5,9.75,-25.5
154772,-9.5,9.75,-25.5
154783,-10.19,9.75,-25.87
154796,-10.19,9.75,-25.87
154810,-10.19,9.75,-25.87
154822,-10.19,9.75,-25.87
154833,-9.75,10.5,-25.5
154846,-9.75,10.5,-25.5
154860,-9.75,10.5,-25.5
154872,-9.75,10.5,-25.5
154884,-10.19,10.19,-26.25
154898,-10.19,10.19,-26.25
154911,-10.19,10.19,-26.25
154923,-10.19,10.19,-26.25
154934,-9.5,10.88,-26.69
154948,-9.5,10.88,-26.69
154961,-9.5,10.88,-26.69
154973,-9.5,10.88,-26.69
154984,-9.06,10.5,-25.87
154998,-9.06,10.5,-25.87
155011,-9.06,10.5,-25.87
155023,-9.06,10.5,-25.87
155034,-9.5,9.75,-26.25
155048,-9.5,9.75,-26.25
155061,-9.5,9.75,-26.25
155073,-9.5,9.75,-26.25
155084,-9.5,10.19,-26.25
155097,-9.5,10.19,-26.25
155111,-9.5,10.19,-26.25
155123,-9.5,10.19,-26.25
155134,-10.19,11.19,-26.69
155147,-10.19,11.19,-26.69
155161,-10.19,11.19,-26.69
155173,-10.19,11.19,-26.69
155184,-9.06,10.5,-25.5
155197,-9.06,10.5,-25.5
155211,-9.06,10.5,-25.5
155223,-9.06,10.5,-25.5
155235,-9.75,10.5,-25.87
155249,-9.75,10.5,-25.87
155262,-9.75,10.5,-25.87
155274,-9.75,10.5,-25.87
155285,-9.06,10.19,-25.87
155299,-9.06,10.19,-25.87
155312,-9.06,10.19,-25.87
155324,-9.06,10.19,-25.87
155335,-9.75,10.19,-26.25
155349,-9.75,10.19,-26.25
155362,-9.75,10.19,-26.25
155374,-9.75,10.19,-26.25
155385,-9.75,10.88,-26.25
155398,-9.75,10.88,-26.25
155412,-9.75,10.88,-26.25
155424,-9.75,10.88,-26.25
155435,-9.5,10.88,-25.87
155448,-9.5,10.88,-25.87
155462,-9.5,10.88,-25.87
155474,-9.5,10.88,-25.87
155485,-9.5,11.19,-25.87
155498,-9.5,11.19,-25.87
155511,-9.5,11.19,-25.87
155524,-9.5,11.19,-25.87
155535,-9.5,10.88,-26.25
155548,-9.5,10.88,-26.25
155561,-9.5,10.88,-26.25
155574,-9.5,10.88,-26.25
155585,-9.5,10.5,-26.25
155598,-9.5,10.5,-26.25
155611,-9.5,10.5,-26.25
155624,-9.5,10.5,-26.25
155635,-9.75,10.5,-25.5
155648,-9.75,10.5,-25.5
155661,-9.75,10.5,-25.5
155674,-9.75,10.5,-25.5
155685,-9.5,10.19,-26.69
155698,-9.5,10.19,-26.69
155711,-9.5,10.19,-26.69
155724,-9.5,10.19,-26.69
155735,-10.88,11.19,-25.5
155748,-10.88,11.19,-25.5
155761,-10.88,11.19,-25.5
155774,-10.88,11.19,-25.5
155785,-10.19,10.88,-26.69
155797,-10.19,10.88,-26.69
155811,-10.19,10.88,-26.69
155824,-10.19,10.88,-26.69
155835,-9.5,10.5,-25.87
155847,-9.5,10.5,-25.87
155861,-9.5,10.5,-25.87
155874,-9.5,10.5,-25.87
155886,-9.5,10.88,-25.87
155897,-9.5,10.88,-25.87
155911,-9.5,10.88,-25.87
155924,-9.5,10.88,-25.87
155936,-9.75,9.75,-25.5
155949,-9.75,9.75,-25.5
155962,-9.75,9.75,-25.5
155975,-9.75,9.75,-25.5
155986,-10.56,11.56,-25.87
155998,-10.56,11.56,-25.87
156012,-10.56,11.56,-25.87
156025,-10.56,11.56,-25.87
156036,-9.75,11,-25.37
156048,-9.75,11,-25.37
156062,-9.75,11,-25.37
156075,-9.75,11,-25.37
156086,-10.56,10.25,-24.56
156098,-10.56,10.25,-24.56
156112,-10.56,10.25,-24.56
156125,-10.56,10.25,-24.56
156136,-10.19,10.25,-25.75
156148,-10.19,10.25,-25.75
156162,-10.19,10.25,-25.75
156175,-10.19,10.25,-25.75
156186,-10.88,11.25,-25
156198,-10.88,11.25,-25
156212,-10.88,11.25,-25
156225,-10.88,11.25,-25
156237,-11.25,10.56,-25.37
156250,-11.25,10.56,-25.37
156263,-11.25,10.56,-25.37
156276,-11.25,10.56,-25.37
156287,-9.75,11,-25.75
156300,-9.75,11,-25.75
156313,-9.75,11,-25.75
156326,-9.75,11,-25.75
156337,-10.19,11,-25.37
156350,-10.19,11,-25.37
156363,-10.19,11,-25.37
156376,-10.19,11,-25.37
156387,-10.56,11.25,-25.75
156400,-10.56,11.25,-25.75
156413,-10.56,11.25,-25.75
156426,-10.56,11.25,-25.75
156437,-10.56,11,-24.56
156450,-10.56,11,-24.56
156463,-10.56,11,-24.56
156476,-10.56,11,-24.56
156487,-10.88,10.56,-25
156500,-10.88,10.56,-25
156513,-10.88,10.56,-25
156526,-10.88,10.56,-25
156537,-10.56,11,-25
156549,-10.56,11,-25
156563,-10.56,11,-25
156576,-10.56,11,-25
156588,-10.88,11,-26.19
156599,-10.88,11,-26.19
156613,-10.88,11,-26.19
156626,-10.88,11,-26.19
156638,-10.56,11.25,-25
156651,-10.56,11.25,-25
156664,-10.56,11.25,-25
156677,-10.56,11.25,-25
156688,-10.56,11,-24.56
156701,-10.56,11,-24.56
156714,-10.56,11,-24.56
156727,-10.56,11,-24.56
156738,-11.69,11,-24.19
156751,-11.69,11,-24.19
156764,-11.69,11,-24.19
156777,-11.69,11,-24.19
156788,-11.69,10.25,-25.06
156800,-11.69,10.25,-25.06
156814,-11.69,10.25,-25.06
156827,-11.69,10.25,-25.06
156838,-11.69,10.56,-24.25
156850,-11.69,10.56,-24.25
156864,-11.69,10.56,-24.25
156877,-11.69,10.56,-24.25
156888,-12.19,10.56,-24
156900,-12.19,10.56,-24
156914,-12.19,10.56,-24
156927,-12.19,10.56,-24
156939,-11.75,9.5,-24
156952,-11.75,9.5,-24
156965,-11.75,9.5,-24
156978,-11.75,9.5,-24
156989,-12.88,10.25,-24.37
157002,-12.88,10.25,-24.37
157015,-12.88,10.25,-24.37
157028,-12.88,10.25,-24.37
157039,-12.88,10.25,-24.75
157052,-12.88,10.25,-24.75
157065,-12.88,10.25,-24.75
157078,-12.88,10.25,-24.75
157089,-12.88,10.56,-23.56
157101,-12.88,10.56,-23.56
157115,-12.88,10.56,-23.56
157128,-12.88,10.56,-23.56
157139,-12.88,9.5,-22.37
157151,-12.88,9.5,-22.37
157165,-12.88,9.5,-22.37
157178,-12.88,9.5,-22.37
157189,-13.19,9.5,-22.37
157201,-13.19,9.5,-22.37
157215,-13.19,9.5,-22.37
157228,-13.19,9.5,-22.37
157239,-13.19,9.5,-23.56
157251,-14,9.5,-23.56
157265,-14,9.5,-23.56
157278,-14,9.5,-23.56
157290,-15.19,9.5,-20.56
157303,-15.19,9.5,-20.56
157316,-15.19,9.5,-20.56
157329,-15.19,9.5,-20.56
157340,-14.5,8.75,-21.75
157352,-14.5,8.75,-21.75
157366,-14.5,8.75,-21.75
157379,-14.5,8.75,-21.75
157390,-16.19,8.5,-21.87
157402,-16.19,8.5,-21.87
157416,-16.19,8.5,-21.87
157429,-16.19,8.5,-21.87
157440,-16.19,8.5,-20.37
157453,-16.19,8.5,-20.37
157466,-16.19,8.5,-20.37
157479,-16.19,8.5,-20.37
157490,-16.06,6.87,-19.5
157503,-16.06,6.87,-19.5
157516,-16.06,6.87,-19.5
157529,-16.06,6.87,-19.5
157540,-16.5,6.87,-18.69
157552,-16.5,6.87,-18.69
157566,-16.5,6.87,-18.69
157579,-16.5,6.87,-18.69
157591,-17.5,6.06,-17
157602,-17.5,6.06,-17
157615,-17.5,6.06,-17
157629,-17.5,6.06,-17
157641,-17.5,4.69,-16.25
157653,-17.5,4.69,-16.25
157667,-17.5,4.69,-16.25
157680,-17.5,4.69,-16.25
157691,-18.25,3.19,-15.06
157703,-18.25,3.19,-15.06
157717,-18.25,3.19,-15.06
157730,-18.25,3.19,-15.06
157741,-18.56,3.19,-13.75
157753,-18.56,3.19,-13.75
157767,-18.56,3.19,-13.75
157780,-18.56,3.19,-13.75
157791,-19,0.56,-13.06
157803,-19,0.56,-13.06
157817,-19,0.56,-13.06
157830,-19,0.56,-13.06
157841,-18.56,-0.06,-11.5
157853,-18.56,-0.06,-11.5
157867,-18.56,-0.06,-11.5
157880,-18.56,-0.06,-11.5
157891,-19,-1.56,-10.25
157903,-19,-1.56,-10.25
157916,-19,-1.56,-10.25
157930,-19,-1.56,-10.25
157942,-18.56,-2.69,-9.5
157953,-18.56,-2.69,-9.5
157966,-18.56,-2.69,-9.5
157980,-18.56,-2.69,-9.5
157992,-19,-3.75,-6.69
158004,-19,-3.75,-6.69
158018,-19,-3.75,-6.69
158031,-19,-3.75,-6.69
158042,-19,-6.37,-6.25
158054,-19,-6.37,-6.25
158068,-19,-6.37,-6.25
158081,-19,-6.37,-6.25
158092,-18.56,-7.75,-3.87
158105,-18.56,-7.75,-3.87
158118,-18.56,-7.75,-3.87
158131,-18.56,-7.75,-3.87
158142,-17.87,-8.56,-2
158155,-17.87,-8.56,-2
158168,-17.87,-8.56,-2
158181,-17.87,-8.56,-2
158192,-16.75,-10,-2.25
158204,-16.75,-10,-2.25
158218,-16.75,-10,-2.25
158231,-16.75,-10,-2.25
158243,-13.75,-9.25,-0.75
158254,-13.75,-9.25,-0.75
158268,-13.75,-9.25,-0.75
158281,-13.75,-9.25,-0.75
158293,-13.06,-10.38,0
158306,-13.06,-10.38,0
158320,-13.06,-10.38,0
158332,-13.06,-10.38,0
158344,-10.19,-10,0.5
158357,-10.19,-10,0.5
158371,-10.19,-10,0.5
158383,-10.19,-10,0.5
158394,-7.56,-11.5,1.69
158407,-7.56,-11.5,1.69
158421,-7.56,-11.5,1.69
158433,-7.56,-11.5,1.69
158444,-5,-11.06,0
158457,-5,-11.06,0
158470,-5,-11.06,0
158482,-5,-11.06,0
158494,0.06,-12.25,-0.25
158507,0.06,-12.25,-0.25
158520,0.06,-12.25,-0.25
158533,0.06,-12.25,-0.25
158544,3,-13.25,-0.75
158557,3,-13.25,-0.75
158570,3,-13.25,-0.75
158583,3,-13.25,-0.75
158594,7.5,-14.38,-3.5
158607,7.5,-14.38,-3.5
158620,7.5,-14.38,-3.5
158633,7.5,-14.38,-3.5
158644,14.06,-15.56,-7.06
158657,14.06,-15.56,-7.06
158670,14.06,-15.56,-7.06
158683,14.06,-15.56,-7.06
158694,19.19,-16.56,-13.06
158706,19.19,-16.56,-13.06
158720,19.19,-16.56,-13.06
158733,19.19,-16.56,-13.06
158744,22.56,-16.56,-19.75
158756,22.56,-16.56,-19.75
158770,22.56,-16.56,-19.75
158783,22.56,-16.56,-19.75
158794,25.06,-16.25,-30.19
158806,25.06,-16.25,-30.19
158820,25.06,-16.25,-30.19
158833,25.06,-16.25,-30.19
158844,22.87,-14.38,-43.25
158856,22.87,-14.38,-43.25
158870,22.87,-14.38,-43.25
158883,22.87,-14.38,-43.25
158894,19.19,-13.69,-50.75
158906,19.19,-13.69,-50.75
158920,19.19,-13.69,-50.75
158933,19.19,-13.69,-50.75
158945,13,-12.25,-56.75
158958,13,-12.25,-56.75
158971,13,-12.25,-56.75
158984,13,-12.25,-56.75
158995,5.19,-11.5,-63.56
159008,5.19,-11.5,-63.56
159021,5.19,-11.5,-63.56
159034,5.19,-11.5,-63.56
159045,-1.69,-9.69,-65.19
159058,-1.69,-9.69,-65.19
159071,-1.69,-9.69,-65.19
159084,-1.69,-9.69,-65.19
159095,-9.5,-8.19,-64.75
159107,-9.5,-8.19,-64.75
159121,-9.5,-8.19,-64.75
159134,-9.5,-8.19,-64.75
159145,-14.19,-7.37,-62.38
159157,-14.19,-7.37,-62.38
159171,-14.19,-7.37,-62.38
159184,-14.19,-7.37,-62.38
159195,-19,-6,-59.19
159207,-19,-6,-59.19
159221,-19,-6,-59.19
159234,-19,-6,-59.19
159245,-22.25,-4.5,-55.25
159257,-22.25,-4.5,-55.25
159271,-22.25,-4.5,-55.25
159284,-22.25,-4.5,-55.25
159296,-24.5,-3.06,-50.88
159307,-24.5,-3.06,-50.88
159321,-24.5,-3.06,-50.88
159334,-24.5,-3.06,-50.88
159346,-23.75,-1.19,-45.69
159359,-23.75,-1.19,-45.69
159372,-23.75,-1.19,-45.69
159385,-23.75,-1.19,-45.69
159396,-24.06,1,-41
159408,-24.06,1,-41
159422,-24.06,1,-41
159435,-24.06,1,-41
159446,-23,3.19,-39.69
159458,-23,3.19,-39.69
159472,-23,3.19,-39.69
159485,-23,3.19,-39.69
159496,-22.25,5.06,-35
159508,-22.25,5.06,-35
159522,-22.25,5.06,-35
159535,-22.25,5.06,-35
159546,-21.19,6.06,-34.19
159558,-21.19,6.06,-34.19
159572,-21.19,6.06,-34.19
159585,-21.19,6.06,-34.19
159597,-20.75,7.25,-30.56
159610,-20.75,7.25,-30.56
159623,-20.75,7.25,-30.56
159636,-20.75,7.25,-30.56
159647,-19,8.69,-31
159660,-19,8.69,-31
159673,-19,8.69,-31
159686,-19,8.69,-31
159697,-18.56,9.06,-29.37
159709,-18.56,9.06,-29.37
159723,-18.56,9.06,-29.37
159736,-18.56,9.06,-29.37
159747,-17.06,9.75,-28.19
159759,-17.06,9.75,-28.19
159773,-17.06,9.75,-28.19
159786,-17.06,9.75,-28.19
159797,-18.25,10.56,-28.56
159809,-18.25,10.56,-28.56
159823,-18.25,10.56,-28.56
159836,-18.25,10.56,-28.56
159847,-16.5,11.56,-26.56
159859,-16.5,11.56,-26.56
159873,-16.5,11.56,-26.56
159886,-16.5,11.56,-26.56
159897,-16.06,11.56,-26.56
159909,-16.06,11.56,-26.56
159923,-16.06,11.56,-26.56
159936,-16.06,11.56,-26.56
159948,-16.75,11.56,-26.56
159959,-16.75,11.56,-26.56
159973,-16.75,11.56,-26.56
159986,-16.75,11.56,-26.56
159998,-16.06,12,-26.19
160011,-16.06,12,-26.19
160024,-16.06,12,-26.19
160037,-16.06,12,-26.19
160048,-15.69,11.56,-25
160061,-15.69,11.56,-25
160074,-15.69,11.56,-25
160087,-15.69,11.56,-25
160098,-15.69,12,-26.19
160111,-15.69,12,-26.19
160124,-15.69,12,-26.19
160137,-15.69,12,-26.19
160148,-15,12,-25.75
160160,-15,12,-25.75
160174,-15,12,-25.75
160187,-15,12,-25.75
160198,-14.56,12,-25.75
160210,-14.56,12,-25.75
160224,-14.56,12,-25.75
160237,-14.56,12,-25.75
160248,-14.19,12.38,-25.37
160260,-14.19,12.38,-25.37
160274,-14.19,12.38,-25.37
160287,-14.19,12.38,-25.37
160299,-14.19,12.38,-25.75
160312,-14.19,12.38,-25.75
160325,-14.19,12.38,-25.75
160338,-14.19,12.38,-25.75
160349,-15,12.75,-25.37
160362,-15,12.75,-25.37
160375,-15,12.75,-25.37
160388,-15,12.75,-25.37
160399,-14.56,12.38,-25.75
160412,-14.56,12.38,-25.75
160425,-14.56,12.38,-25.75
160438,-14.56,12.38,-25.75
160449,-15,12.75,-25
160461,-15,12.75,-25
160475,-15,12.75,-25
160488,-15,12.75,-25
160499,-14.19,13.06,-25.37
160511,-14.19,13.06,-25.37
160525,-14.19,13.06,-25.37
160538,-14.19,13.06,-25.37
160549,-14.56,12.38,-25.37
160561,-14.56,12.38,-25.37
160575,-14.56,12.38,-25.37
160588,-14.56,12.38,-25.37
160600,-15.25,13.06,-25.37
160613,-15.25,13.06,-25.37
160626,-15.25,13.06,-25.37
160639,-15.25,13.06,-25.37
160650,-14.56,13.06,-24.19
160663,-14.56,13.06,-24.19
160676,-14.56,13.06,-24.19
160689,-14.56,13.06,-24.19
160700,-14.56,12.75,-23.5
160713,-14.56,12.75,-23.5
160726,-14.56,12.75,-23.5
160739,-14.56,12.75,-23.5
160750,-14.56,12.38,-24.19
160763,-14.56,12.38,-24.19
160776,-14.56,12.38,-24.19
160789,-14.56,12.38,-24.19
160800,-14.19,12.75,-25.37
160812,-14.19,12.75,-25.37
160826,-14.19,12.75,-25.37
160839,-14.19,12.75,-25.37
160850,-14.56,13.06,-25
160862,-14.56,13.06,-25
160876,-14.56,13.06,-25
160889,-14.56,13.06,-25
160901,-15,13.06,-25.37
160912,-15,13.06,-25.37
160926,-15,13.06,-25.37
160939,-15,13.06,-25.37
160951,-14.19,12.75,-25
160964,-14.19,12.75,-25
160977,-14.19,12.75,-25
160990,-14.19,12.75,-25
161001,-13.75,12.75,-25.37
161014,-13.75,12.75,-25.37
161027,-13.75,12.75,-25.37
161040,-13.75,12.75,-25.37
161051,-13.75,12.75,-25.5
161064,-13.75,12.75,-25.5
161077,-13.75,12.75,-25.5
161090,-13.75,12.75,-25.5
161101,-14.56,12.75,-24.69
161113,-14.56,12.75,-24.69
161127,-14.56,12.75,-24.69
161140,-14.56,12.75,-24.69
161151,-14.19,12.75,-25.37
161163,-14.19,12.75,-25.37
161177,-14.19,12.75,-25.37
161190,-14.19,12.75,-25.37
161201,-14.56,13.88,-24.19
161213,-14.56,13.88,-24.19
161227,-14.56,13.88,-24.19
161240,-14.56,13.88,-24.19
161252,-14.19,12.38,-24.69
161263,-14.19,12.38,-24.69
161277,-14.19,12.38,-24.69
161290,-14.19,12.38,-24.69
161302,-13.75,12.75,-25.37
161315,-13.75,12.75,-25.37
161328,-13.75,12.75,-25.37
161341,-13.75,12.75,-25.37
161352,-14.19,12.75,-25.75
161365,-14.19,12.75,-25.75
161378,-14.19,12.75,-25.75
161391,-14.19,12.75,-25.75
161402,-15,13.06,-24.19
161414,-15,13.06,-24.19
161428,-15,13.06,-24.19
161441,-15,13.06,-24.19
161452,-13.75,13.5,-24.56
161464,-13.75,13.5,-24.56
161478,-13.75,13.5,-24.56
161491,-13.75,13.5,-24.56
161502,-14.19,12,-24.19
161514,-14.19,12,-24.19
161528,-14.19,12,-24.19
161541,-14.19,12,-24.19
161552,-14.56,13.06,-26.19
161564,-14.56,13.06,-26.19
161578,-14.56,13.06,-26.19
161591,-14.56,13.06,-26.19
161603,-15,12.38,-25.75
161614,-15,12.38,-25.75
161628,-15,12.38,-25.75
161641,-15,12.38,-25.75
161653,-14.19,12.75,-25.75
161666,-14.19,12.75,-25.75
161679,-14.19,12.75,-25.75
161692,-14.19,12.75,-25.75
161703,-14.56,12.38,-25
161716,-14.56,12.38,-25
161729,-14.56,12.38,-25
161742,-14.56,12.38,-25
161753,-15,12.38,-25.37
161765,-15,12.38,-25.37
161779,-15,12.38,-25.37
161792,-15,12.38,-25.37
161803,-14.19,13.5,-24.19
161815,-14.19,13.5,-24.19
161829,-14.19,13.5,-24.19
161842,-14.19,13.5,-24.19
161853,-15,12.75,-25
161865,-15,12.75,-25
161879,-15,12.75,-25
161892,-15,12.75,-25
161904,-13.5,12.75,-24.19
161915,-13.5,12.75,-24.19
161929,-13.5,12.75,-24.19
161942,-13.5,12.75,-24.19
161954,-14.56,13.06,-25.37
161967,-14.56,13.06,-25.37
161980,-14.56,13.06,-25.37
161993,-14.56,13.06,-25.37
162004,-14.56,12.38,-25
162017,-14.56,12.38,-25
162030,-14.56,12.38,-25
162043,-14.56,12.38,-25
162054,-15,12.38,-25
162067,-15,12.38,-25
162080,-15,12.38,-25
162093,-15,12.38,-25
162104,-14.19,12.38,-25.37
162116,-14.19,12.38,-25.37
162130,-14.19,12.38,-25.37
162143,-14.19,12.38,-25.37
162154,-14.19,12.75,-25.37
162166,-14.19,12.75,-25.37
162180,-14.19,12.75,-25.37
162193,-14.19,12.75,-25.37
162204,-15,13.5,-25.37
162216,-15,13.5,-25.37
162230,-15,13.5,-25.37
162243,-15,13.5,-25.37
162255,-14.56,12.38,-25.75
162266,-14.56,12.38,-25.75
162280,-14.56,12.38,-25.75
162293,-14.56,12.38,-25.75
162305,-14.19,13.5,-25.75
162318,-14.19,13.5,-25.75
162331,-14.19,13.5,-25.75
162344,-14.19,13.5,-25.75
162355,-13.5,13.06,-25
162368,-13.5,13.06,-25
162381,-13.5,13.06,-25
162394,-13.5,13.06,-25
162405,-14.56,12.75,-25.37
162417,-14.56,12.75,-25.37
162431,-14.56,12.75,-25.37
162444,-14.56,12.75,-25.37
162455,-15,12.75,-24.69
162467,-15,12.75,-24.69
162481,-15,12.75,-24.69
162494,-15,12.75,-24.69
162505,-15,13.06,-26.19
162517,-15,13.06,-26.19
162531,-15,13.06,-26.19
162544,-15,13.06,-26.19
162556,-14.56,12.75,-25.37
162567,-14.56,12.75,-25.37
162581,-14.56,12.75,-25.37
162594,-14.56,12.75,-25.37
162606,-15.25,13.06,-25.75
162619,-15.25,13.06,-25.75
162632,-15.25,13.06,-25.75
162645,-15.25,13.06,-25.75
162656,-14.56,12.75,-25.37
162669,-14.56,12.75,-25.37
162682,-14.56,12.75,-25.37
162695,-14.56,12.75,-25.37
162706,-14.56,12.75,-25
162718,-14.56,12.75,-25
162732,-14.56,12.75,-25
162745,-14.56,12.75,-25
162756,-15,12.38,-24.69
162768,-15,12.38,-24.69
162782,-15,12.38,-24.69
162795,-15,12.38,-24.69
162806,-14.56,13.06,-25.37
162818,-14.56,13.06,-25.37
162832,-14.56,13.06,-25.37
162845,-14.56,13.06,-25.37
162856,-15.25,13.5,-25
162868,-15.25,13.5,-25
162882,-15.25,13.5,-25
162895,-15.25,13.5,-25
162907,-15,12.75,-25
162920,-15,12.75,-25
162933,-15,12.75,-25
162946,-15,12.75,-25
162957,-15,12.75,-25
162970,-15,12.75,-25
162983,-15,12.75,-25
162996,-15,12.75,-25
163007,-15.25,12.38,-25.37
163020,-15.25,12.38,-25.37
163033,-15.25,12.38,-25.37
163046,-15.25,12.38,-25.37
163057,-13.75,13.5,-25
163069,-13.75,13.5,-25
163083,-13.75,13.5,-25
163096,-13.75,13.5,-25
163107,-14.19,11.56,-26.19
163119,-14.19,11.56,-26.19
163133,-14.19,11.56,-26.19
163146,-14.19,11.56,-26.19
163157,-15,12.38,-25.37
163169,-15,12.38,-25.37
163183,-15,12.38,-25.37
163196,-15,12.38,-25.37
163207,-15.25,12.38,-26.19
163219,-15.25,12.38,-26.19
163233,-15.25,12.38,-26.19
163246,-15.25,12.38,-26.19
163258,-15.25,12,-27
163269,-15.25,12,-27
163283,-15.25,12,-27
163296,-15.25,12,-27
163308,-15.69,11.25,-27
163321,-15.69,11.25,-27
163334,-15.69,11.25,-27
163347,-15.69,11.25,-27
163358,-15.69,11.56,-26.56
163371,-15.69,11.56,-26.56
163384,-15.69,11.56,-26.56
163397,-15.69,11.56,-26.56
163408,-15.25,11.56,-28.56
163420,-15.25,11.56,-28.56
163434,-15.25,11.56,-28.56
163447,-15.25,11.56,-28.56
163458,-16.5,11.25,-28.56
163470,-16.5,11.25,-28.56
163484,-16.5,11.25,-28.56
163497,-16.5,11.25,-28.56
163508,-15.69,10.56,-28.56
163520,-15.69,10.56,-28.56
163534,-15.69,10.56,-28.56
163547,-15.69,10.56,-28.56
163559,-14.56,10.19,-30.56
163572,-14.56,10.19,-30.56
163585,-14.56,10.19,-30.56
163598,-14.56,10.19,-30.56
163609,-14.56,10.19,-31.37
163622,-14.56,10.19,-31.37
163635,-14.56,10.19,-31.37
163648,-14.56,10.19,-31.37
163659,-13.06,9.38,-31
163672,-13.06,9.38,-31
163685,-13.06,9.38,-31
163698,-13.06,9.38,-31
163709,-11.56,8.69,-34.19
163722,-11.56,8.69,-34.19
163735,-11.56,8.69,-34.19
163748,-11.56,8.69,-34.19
163759,-10.19,9.06,-35
163771,-10.19,9.06,-35
163785,-10.19,9.06,-35
163798,-10.19,9.06,-35
163809,-8,8,-34.19
163821,-8,8,-34.19
163835,-8,8,-34.19
163848,-8,8,-34.19
163859,-4.56,7.56,-32.56
163871,-4.56,7.56,-32.56
163885,-4.56,7.56,-32.56
163898,-4.56,7.56,-32.56
163910,-0.56,8,-30.19
163921,-0.56,8,-30.19
163935,-0.56,8,-30.19
163948,-0.56,8,-30.19
163960,2.25,7.25,-25.37
163973,2.25,7.25,-25.37
163986,2.25,7.25,-25.37
163999,2.25,7.25,-25.37
164010,3.37,6.5,-17.75
164023,3.37,6.5,-17.75
164036,3.37,6.5,-17.75
164049,3.37,6.5,-17.75
164060,1.19,6.5,-13.88
164073,1.19,6.5,-13.88
164086,1.19,6.5,-13.88
164099,1.19,6.5,-13.88
164110,-2.06,5.75,-9.88
164122,-2.06,5.75,-9.88
164136,-2.06,5.75,-9.88
164149,-2.06,5.75,-9.88
164160,-7.25,5.75,-9.5
164172,-7.25,5.75,-9.5
164186,-7.25,5.75,-9.5
164199,-7.25,5.75,-9.5
164210,-11.25,5.37,-9.06
164222,-11.25,5.37,-9.06
164236,-11.25,5.37,-9.06
164249,-11.25,5.37,-9.06
164261,-13.75,5.75,-11.88
164274,-13.75,5.75,-11.88
164287,-13.75,5.75,-11.88
164300,-13.75,5.75,-11.88
164311,-15.25,6.06,-14.25
164324,-15.25,6.06,-14.25
164337,-15.25,6.06,-14.25
164350,-15.25,6.06,-14.25
164361,-17.06,8.69,-17.75
164374,-17.06,8.69,-17.75
164387,-17.06,8.69,-17.75
164400,-17.06,8.69,-17.75
164411,-16.06,8.38,-20.25
164423,-16.06,8.38,-20.25
164437,-16.06,8.38,-20.25
164450,-16.06,8.38,-20.25
164461,-16.06,9.75,-22.19
164473,-16.06,9.75,-22.19
164487,-16.06,9.75,-22.19
164500,-16.06,9.75,-22.19
164511,-15.69,9.75,-23
164523,-15.69,9.75,-23
164537,-15.69,9.75,-23
164550,-15.69,9.75,-23
164561,-15,11.25,-23.5
164573,-15,11.25,-23.5
164587,-15,11.25,-23.5
164600,-15,11.25,-23.5
164612,-14.19,10.88,-25.37
164625,-14.19,10.88,-25.37
164638,-14.19,10.88,-25.37
164651,-14.19,10.88,-25.37
164662,-13.75,11.25,-24.19
164675,-13.75,11.25,-24.19
164688,-13.75,11.25,-24.19
164701,-13.75,11.25,-24.19
164712,-14.56,12.38,-24.69
164725,-14.56,12.38,-24.69
164738,-14.56,12.38,-24.69
164751,-14.56,12.38,-24.69
164762,-12.75,13.06,-24.69
164774,-12.75,13.06,-24.69
164788,-12.75,13.06,-24.69
164801,-12.75,13.06,-24.69
164812,-13.5,12.38,-25
164824,-13.5,12.38,-25
164838,-13.5,12.38,-25
164851,-13.5,12.38,-25
164862,-12.38,12.38,-25
164874,-12.38,12.38,-25
164888,-12.38,12.38,-25
164901,-12.38,12.38,-25
164912,-12.38,11.56,-25
164924,-12.38,11.56,-25
164938,-12.38,11.56,-25
164951,-12.38,11.56,-25
164963,-13.06,12.75,-25.37
164976,-13.06,12.75,-25.37
164989,-13.06,12.75,-25.37
165002,-13.06,12.75,-25.37
165013,-12.38,11.56,-25.75
165026,-12.38,11.56,-25.75
165039,-12.38,11.56,-25.75
165052,-12.38,11.56,-25.75
165063,-12.75,13.06,-25
165076,-12.75,13.06,-25
165089,-12.75,13.06,-25
165102,-12.75,13.06,-25
165113,-13.06,12.38,-25
165125,-13.06,12.38,-25
165139,-13.06,12.38,-25
165152,-13.06,12.38,-25
165163,-12.38,12.75,-24.69
165175,-12.38,12.75,-24.69
165189,-12.38,12.75,-24.69
165202,-12.38,12.75,-24.69
165213,-12.75,11.56,-25.75
165225,-12.75,11.56,-25.75
165239,-12.75,11.56,-25.75
165252,-12.75,11.56,-25.75
165264,-13.5,12.75,-24.19
165275,-13.5,12.75,-24.19
165289,-13.5,12.75,-24.19
165302,-13.5,12.75,-24.19
165314,-12.75,12.75,-25.37
165325,-12.75,12.75,-25.37
165339,-12.75,12.75,-25.37
165352,-12.75,12.75,-25.37
165364,-13.06,11.56,-25.37
165377,-13.06,11.56,-25.37
165390,-13.06,11.56,-25.37
165403,-13.06,11.56,-25.37
165414,-12.75,12,-25.75
165427,-12.75,12,-25.75
165440,-12.75,12,-25.75
165453,-12.75,12,-25.75
165464,-12,12.75,-24.69
165476,-12,12.75,-24.69
165490,-12,12.75,-24.69
165503,-12,12.75,-24.69
165514,-12,11.56,-25
165526,-12,11.56,-25
165540,-12,11.56,-25
165553,-12,11.56,-25
165564,-12.38,11.56,-24.87
165576,-12.38,11.56,-24.87
165590,-12.38,11.56,-24.87
165603,-12.38,11.56,-24.87
165615,-12,11.38,-25.19
165628,-12,11.38,-25.19
165641,-12,11.38,-25.19
165654,-12,11.38,-25.19
165665,-12,12.5,-25.19
165678,-12,12.5,-25.19
165691,-12,12.5,-25.19
165704,-12,12.5,-25.19
165715,-11.25,11.69,-25.19
165727,-11.25,11.69,-25.19
165741,-11.25,11.69,-25.19
165754,-11.25,11.69,-25.19
165765,-11.69,11.69,-24.75
165778,-11.69,11.69,-24.75
165791,-11.69,11.69,-24.75
165804,-11.69,11.69,-24.75
165815,-10.56,11.06,-24.5
165827,-10.56,11.06,-24.5
165841,-10.56,11.06,-24.5
165854,-10.56,11.06,-24.5
165865,-10.56,11.5,-25.19
165877,-11.38,11.5,-25.19
165891,-11.38,11.5,-25.19
165904,-11.38,11.5,-25.19
165915,-10.56,11.5,-25.56
165927,-10.56,11.5,-25.56
165941,-10.56,11.5,-25.56
165954,-10.56,11.5,-25.56
165965,-10.56,11.5,-26.5
165977,-10.56,11.5,-26.5
165991,-10.56,11.5,-26.5
166004,-10.56,11.5,-26.5
166016,-10.38,11.19,-25.25
166029,-10.38,11.19,-25.25
166042,-10.38,11.19,-25.25
166055,-10.38,11.19,-25.25
166066,-10.69,11.19,-26.06
166079,-10.69,11.19,-26.06
166092,-10.69,11.19,-26.06
166105,-10.69,11.19,-26.06
166116,-10.69,11.88,-26.5
166129,-10.69,11.88,-26.5
166142,-10.69,11.88,-26.5
166155,-10.69,11.88,-26.5
166166,-10.69,11.88,-24.87
166178,-10.69,11.88,-24.87
166192,-10.69,11.88,-24.87
166205,-10.69,11.88,-24.87
166216,-10.75,11.5,-26.69
166228,-10.75,11.5,-26.69
166242,-10.75,11.5,-26.69
166255,-10.75,11.5,-26.69
166266,-10.75,10.75,-25.75
166278,-10,10.75,-25.75
166292,-10,10.75,-25.75
166305,-10,10.75,-25.75
166317,-9.75,11.5,-26.19
166328,-9.75,11.5,-26.19
166341,-9.75,11.5,-26.19
166355,-9.75,11.5,-26.19
166367,-11.19,10.75,-27
166378,-11.19,10.75,-27
166392,-11.19,10.75,-27
166405,-11.19,10.75,-27
166417,-11.19,10.75,-27.75
166428,-11.19,10.75,-27.75
166441,-11.19,10.75,-27.75
166455,-11.19,10.75,-27.75
166467,-11.19,11.06,-25.5
166478,-9.75,11.06,-25.5
166491,-9.75,11.06,-25.5
166505,-9.75,11.06,-25.5
166517,-9.75,11.5,-27.75
166528,-10.06,11.5,-27.75
166541,-10.06,11.5,-27.75
166555,-10.06,11.5,-27.75
166567,-10.06,11.06,-26.19
166578,-10.06,11.06,-26.19
166591,-10.06,11.06,-26.19
166605,-10.06,11.06,-26.19
166617,-10.06,11.5,-27.37
166628,-10.88,11.5,-27.37
166641,-10.88,11.5,-27.37
166654,-10.88,11.5,-27.37
166667,-10.88,11.5,-26.69
166678,-10.5,11.06,-26.69
166691,-10.5,11.06,-26.69
166704,-10.5,11.06,-26.69
166717,-10.5,11.06,-26.19
166728,-10.06,11.5,-26.19
166741,-10.06,11.5,-26.19
166754,-10.06,11.5,-26.19
166767,-10.06,11.5,-26.69
166778,-10.5,11.06,-26.69
166790,-10.5,11.06,-26.69
166804,-10.5,11.06,-26.69
166817,-10.5,11.06,-26.69
166828,-10.06,11.5,-26.69
166840,-10.06,11.5,-26.69
166854,-10.06,11.5,-26.69
166867,-10.06,11.5,-26.69
166878,-10.06,11.5,-25.75
166890,-10.06,11.5,-25.75
166904,-10.06,11.5,-25.75
166917,-10.06,11.5,-25.75
166929,-10.5,10.38,-27.75
166940,-10.5,10.38,-27.75
166954,-10.5,10.38,-27.75
166967,-10.5,10.38,-27.75
166979,-10.5,11.75,-26.56
166990,-10.5,11.75,-26.56
167004,-10.5,11.75,-26.56
167016,-10.5,11.75,-26.56
167028,-9.75,11.75,-25.5
167039,-9.75,11.75,-25.5
167052,-9.75,11.75,-25.5
167063,-9.75,11.75,-25.5
167077,-10.75,10.75,-25.75
167089,-10.75,10.75,-25.75
167100,-10.75,10.75,-25.75
167112,-10.75,10.75,-25.75
167126,-10.75,11.5,-26.56
167138,-10.75,11.5,-26.56
167150,-10.75,11.5,-26.56
167162,-10.75,11.5,-26.56
167176,-11.56,11.5,-25.75
167188,-11.56,11.5,-25.75
167200,-11.56,11.5,-25.75
167212,-11.56,11.5,-25.75
167226,-10.75,11.06,-27.37
167238,-10.75,11.06,-27.37
167250,-10.75,11.06,-27.37
167262,-10.75,11.06,-27.37
167276,-10.88,11.5,-27
167289,-10.88,11.5,-27
167300,-10.88,11.5,-27
167312,-10.88,11.5,-27
167326,-10.5,11.5,-25.75
167338,-10.5,11.5,-25.75
167350,-10.5,11.5,-25.75
167362,-10.5,11.5,-25.75
167376,-11.19,11.06,-26.69
167389,-11.19,11.06,-26.69
167400,-11.19,11.06,-26.69
167412,-11.19,11.06,-26.69
167426,-10.88,11.06,-27
167439,-10.88,11.06,-27
167450,-10.88,11.06,-27
167462,-10.88,11.06,-27
167476,-11.56,11.06,-24.69
167489,-11.56,11.06,-24.69
167500,-11.56,11.06,-24.69
167512,-11.56,11.06,-24.69
167526,-10.5,10.75,-25.75
167539,-10.5,10.75,-25.75
167550,-10.5,10.75,-25.75
167562,-10.5,10.75,-25.75
167576,-10.88,11.06,-26.19
167589,-10.88,11.06,-26.19
167601,-10.88,11.06,-26.19
167612,-10.88,11.06,-26.19
167626,-10.5,11.06,-26.69
167639,-10.5,11.06,-26.69
167651,-10.5,11.06,-26.69
167662,-10.5,11.06,-26.69
167676,-10.88,10.75,-26.19
167689,-10.88,10.75,-26.19
167701,-10.88,10.75,-26.19
167712,-10.88,10.75,-26.19
167726,-10.5,11.06,-26.69
167739,-10.5,11.06,-26.69
167751,-10.5,11.06,-26.69
167762,-10.5,11.06,-26.69
167776,-10.88,11.06,-26.69
167789,-10.88,11.06,-26.69
167801,-10.88,11.06,-26.69
167812,-10.88,11.06,-26.69
167825,-10.75,10.75,-26.56
167839,-10.75,10.75,-26.56
167851,-10.75,10.75,-26.56
167862,-10.75,10.75,-26.56
167875,-11.19,11.06,-25.75
167888,-11.19,11.06,-25.75
167900,-11.19,11.06,-25.75
167912,-11.19,11.06,-25.75
167925,-11.56,11.5,-26.19
167938,-11.56,11.5,-26.19
167950,-11.56,11.5,-26.19
167962,-11.56,11.5,-26.19
167975,-10.75,11.06,-26.56
167988,-10.75,11.06,-26.56
168001,-10.75,11.06,-26.56
168012,-10.75,11.06,-26.56
168025,-10.75,11.75,-26.56
168038,-10.75,11.75,-26.56
168050,-10.75,11.75,-26.56
168062,-10.75,11.75,-26.56
168075,-10.06,11.5,-27
168088,-10.06,11.5,-27
168101,-10.06,11.5,-27
168112,-10.06,11.5,-27
168124,-10.88,11.5,-27
168138,-10.88,11.5,-27
168151,-10.88,11.5,-27
168162,-10.88,11.5,-27
168174,-10.88,11.5,-27.37
168188,-10.88,11.5,-27.37
168201,-10.88,11.5,-27.37
168212,-10.88,11.5,-27.37
168224,-9.75,11.06,-26.19
168238,-9.75,11.06,-26.19
168251,-9.75,11.06,-26.19
168263,-9.75,11.06,-26.19
168274,-10.75,11.06,-25.75
168288,-10.75,11.06,-25.75
168301,-10.75,11.06,-25.75
168313,-10.75,11.06,-25.75
168324,-11.19,11.5,-26.19
168338,-11.19,11.5,-26.19
168351,-11.19,11.5,-26.19
168363,-11.19,11.5,-26.19
168374,-10.88,10.75,-26.19
168388,-10.88,10.75,-26.19
168401,-10.88,10.75,-26.19
168413,-10.88,10.75,-26.19
168424,-10.5,11.06,-26.69
168437,-10.5,11.06,-26.69
168451,-10.5,11.06,-26.69
168463,-10.5,11.06,-26.69
168474,-10.88,10.38,-27
168487,-10.88,10.38,-27
168501,-10.88,10.38,-27
168513,-10.88,10.38,-27
168524,-10.88,11.5,-27
168537,-10.88,11.5,-27
168550,-10.88,11.5,-27
168563,-10.88,11.5,-27
168574,-10.5,11.06,-26.69
168587,-10.5,11.06,-26.69
168601,-10.5,11.06,-26.69
168613,-10.5,11.06,-26.69
168624,-10.5,11.06,-25
168637,-10.5,11.06,-25
168650,-10.5,11.06,-25
168663,-10.5,11.06,-25
168674,-10.5,11.06,-26.69
168687,-10.5,11.06,-26.69
168700,-10.5,11.06,-26.69
168713,-10.5,11.06,-26.69
168724,-10.88,10.38,-26.69
168737,-10.88,10.38,-26.69
168750,-10.88,10.38,-26.69
168763,-10.88,10.38,-26.69
168774,-10.88,11.06,-25.75
168786,-10.88,11.06,-25.75
168800,-10.88,11.06,-25.75
168813,-10.88,11.06,-25.75
168824,-10.88,11.5,-26.19
168836,-10.88,11.5,-26.19
168850,-10.88,11.5,-26.19
168863,-10.88,11.5,-26.19
168874,-10.88,10.38,-26.69
168886,-10.88,10.38,-26.69
168900,-10.88,10.38,-26.69
168913,-10.88,10.38,-26.69
168924,-10.88,11.06,-26.69
168936,-10.88,11.06,-26.69
168950,-10.88,11.06,-26.69
168963,-10.88,11.06,-26.69
168975,-10.5,11.06,-26.19
168986,-10.5,11.06,-26.19
169000,-10.5,11.06,-26.19
169013,-10.5,11.06,-26.19
169025,-11.19,10.75,-26.56
169038,-11.19,10.75,-26.56
178472,-10.88,11.06,-26.19
178483,-10.88,11.06,-26.19
178495,-10.88,11.06,-26.19
178509,-10.06,11.06,-25.5
178522,-10.06,11.06,-25.5
178534,-10.06,11.06,-25.5
178545,-10.06,11.06,-25.5
178559,-11.19,11.06,-26.69
178572,-11.19,11.06,-26.69
178584,-11.19,11.06,-26.69
178595,-11.19,11.06,-26.69
178609,-10.5,10.75,-25
178622,-10.5,10.75,-25
178634,-10.5,10.75,-25
178645,-10.5,10.75,-25
178659,-10.5,11.06,-26.69
178672,-10.5,11.06,-26.69
178684,-10.5,11.06,-26.69
178695,-10.5,11.06,-26.69
178708,-10.88,11.06,-26.69
178722,-10.88,11.06,-26.69
178734,-10.88,11.06,-26.69
178745,-10.88,11.06,-26.69
178758,-10.88,11.06,-27.75
178772,-10.88,11.06,-27.75
178784,-10.88,11.06,-27.75
178795,-10.88,11.06,-27.75
178808,-9.75,11.5,-26.69
178822,-9.75,11.5,-26.69
178834,-9.75,11.5,-26.69
178845,-9.75,11.5,-26.69
178858,-10.88,11.06,-26.19
178871,-10.88,11.06,-26.19
178883,-10.88,11.06,-26.19
178895,-10.88,11.06,-26.19
178908,-10.88,11.75,-27
178921,-10.88,11.75,-27
178934,-10.88,11.75,-27
178945,-10.88,11.75,-27
178958,-10.5,11.5,-26.69
178971,-10.5,11.5,-26.69
178984,-10.5,11.5,-26.69
178995,-10.5,11.5,-26.69
179008,-10.5,10.75,-26.19
179021,-10.5,10.75,-26.19
179034,-10.5,10.75,-26.19
179045,-10.5,10.75,-26.19
179058,-10.88,11.06,-26.69
179071,-10.88,11.06,-26.69
179084,-10.88,11.06,-26.69
179095,-10.88,11.06,-26.69
179107,-10.5,11.06,-25.75
179121,-10.5,11.06,-25.75
179134,-10.5,11.06,-25.75
179146,-10.5,11.06,-25.75
179157,-10.5,11.06,-26.69
179171,-10.5,11.06,-26.69
179184,-10.5,11.06,-26.69
179196,-10.5,11.06,-26.69
179207,-10.5,10.38,-27.75
179221,-10.5,10.38,-27.75
179234,-10.5,10.38,-27.75
179246,-10.5,10.38,-27.75
179257,-10.5,10.75,-27.37
179271,-10.5,10.75,-27.37
179284,-10.5,10.75,-27.37
179296,-10.5,10.75,-27.37
179307,-11.19,10.75,-27
179321,-11.19,10.75,-27
179334,-11.19,10.75,-27
179346,-11.19,10.75,-27
179357,-10.88,10.75,-26.19
179370,-10.88,10.75,-26.19
179384,-10.88,10.75,-26.19
179396,-10.88,10.75,-26.19
179407,-11.19,11.5,-26.19
179421,-11.19,11.5,-26.19
179434,-11.19,11.5,-26.19
179446,-11.19,11.5,-26.19
179457,-10.06,11.75,-25.75
179470,-10.06,11.75,-25.75
179484,-10.06,11.75,-25.75
179496,-10.06,11.75,-25.75
179507,-10.88,10.75,-25.75
179520,-10.88,10.75,-25.75
179534,-10.88,10.75,-25.75
179546,-10.88,10.75,-25.75
179558,-11.19,10.75,-27
179572,-11.19,10.75,-27
179585,-11.19,10.75,-27
179597,-11.19,10.75,-27
179608,-9.75,11.5,-26.69
179622,-9.75,11.5,-26.69
179635,-9.75,11.5,-26.69
179647,-9.75,11.5,-26.69
179658,-10.88,10.75,-26.69
179672,-10.88,10.75,-26.69
179685,-10.88,10.75,-26.69
179697,-10.88,10.75,-26.69
179708,-10.5,11.06,-27
179721,-10.5,11.06,-27
179735,-10.5,11.06,-27
179747,-10.5,11.06,-27
179758,-11.19,11.06,-27
179771,-11.19,11.06,-27
179785,-11.19,11.06,-27
179797,-11.19,11.06,-27
179808,-10.88,11.06,-26.69
179821,-10.88,11.06,-26.69
179835,-10.88,11.06,-26.69
179847,-10.88,11.06,-26.69
179859,-10.06,11.5,-26.19
179873,-10.06,11.5,-26.19
179886,-10.06,11.5,-26.19
179898,-10.06,11.5,-26.19
179909,-10.88,11.06,-25.75
179923,-10.88,11.06,-25.75
179936,-10.88,11.06,-25.75
179948,-10.88,11.06,-25.75
179959,-11.56,10.75,-25.75
179973,-11.56,10.75,-25.75
179986,-11.56,10.75,-25.75
179998,-11.56,10.75,-25.75
180009,-10.88,10.75,-26.69
180023,-10.88,10.75,-26.69
180036,-10.88,10.75,-26.69
180048,-10.88,10.75,-26.69
180059,-9.75,11.5,-27
180073,-9.75,11.5,-27
180086,-9.75,11.5,-27
180098,-9.75,11.5,-27
180109,-10.5,11.5,-26.19
180122,-10.5,11.5,-26.19
180136,-10.5,11.5,-26.19
180148,-10.5,11.5,-26.19
180159,-10.06,11.06,-26.69
180172,-10.06,11.06,-26.69
180186,-10.06,11.06,-26.69
180198,-10.06,11.06,-26.69
180209,-10.06,10.75,-27.37
180222,-10.06,10.75,-27.37
180235,-10.06,10.75,-27.37
180248,-10.06,10.75,-27.37
180259,-10.88,10.75,-26.69
180272,-10.88,10.75,-26.69
180285,-10.88,10.75,-26.69
180298,-10.88,10.75,-26.69
180309,-10.88,11.5,-26.69
180322,-10.88,11.5,-26.69
180335,-10.88,11.5,-26.69
180348,-10.88,11.5,-26.69
180359,-10.88,11.06,-26.19
180372,-10.88,11.06,-26.19
180385,-10.88,11.06,-26.19
180398,-10.88,11.06,-26.19
180409,-10.88,10.75,-26.69
180421,-10.88,10.75,-26.69
180435,-10.88,10.75,-26.69
180448,-10.88,10.75,-26.69
180459,-11.19,11.5,-27
180471,-11.19,11.5,-27
180485,-11.19,11.5,-27
180498,-11.19,11.5,-27
180509,-10.06,11.75,-25.75
180521,-10.06,11.75,-25.75
180535,-10.06,11.75,-25.75
180548,-10.06,11.75,-25.75
180560,-10.5,11.06,-26.69
180571,-10.5,11.06,-26.69
180585,-10.5,11.06,-26.69
180598,-10.5,11.06,-26.69
180610,-10.06,11.06,-28.19
180621,-10.06,11.06,-28.19
180635,-10.06,11.06,-28.19
180648,-10.06,11.06,-28.19
180660,-10.88,10.75,-26.69
180673,-10.88,10.75,-26.69
180686,-10.88,10.75,-26.69
180699,-10.88,10.75,-26.69
180710,-10.06,11.5,-26.19
180723,-10.06,11.5,-26.19
180736,-10.06,11.5,-26.19
180749,-10.06,11.5,-26.19
180760,-10.5,11.5,-27
180772,-10.5,11.5,-27
180786,-10.5,11.5,-27
180799,-10.5,11.5,-27
180810,-11.56,10.75,-26.19
